ISP_EXP_INFO_S.fLightValue	-2.91	11.18	14.09	4.841924398625429
ISP_WB_INFO_S.s16Bv	-292	1118	1410.0	4.828767123287672
ISP_EXP_INFO_S.stAERoute.u32TotalNum	1	3	2.0	2.0
ISP_AWB_ATTR_EX_S.stInterference.u8Mode	1	0	1.0	1.0
ISP_AWB_ATTR_EX_S.u16CALumaDiff	32	0	32.0	1.0
ISP_EXPOSURE_ATTR_S.enOpType	1	0	1.0	1.0
ISP_EXPOSURE_ATTR_S.stManual.enAGainOpType	1	0	1.0	1.0
ISP_EXPOSURE_ATTR_S.stManual.enDGainOpType	1	0	1.0	1.0
ISP_EXPOSURE_ATTR_S.stManual.enISPDGainOpType	1	0	1.0	1.0
ISP_EXPOSURE_ATTR_S.u8DebugMode	255	0	255.0	1.0
ISP_EXP_INFO_S.bExposureIsMAX	1	0	1.0	1.0
ISP_EXP_INFO_S.s16HistError	-2	0	2.0	1.0
ISP_LBLC_ATTR_S.enable	1	0	1.0	1.0
ISP_LBLC_ATTR_S.stManual.strength	1024	0	1024.0	1.0
TEAISP_BNR_ATTR_S.stManual.FilterMotionStr2D	255	0	255.0	1.0
TEAISP_BNR_ATTR_S.stManual.FilterStaticStr2D	255	0	255.0	1.0
TEAISP_BNR_ATTR_S.stManual.FilterStr3D	255	0	255.0	1.0
TEAISP_BNR_ATTR_S.stManual.NoiseHiLevel	2024	0	2024.0	1.0
TEAISP_BNR_ATTR_S.stManual.NoiseLevel	2024	0	2024.0	1.0
TEAISP_PQ_ATTR_S.SmoothThr	1	0	1.0	1.0
ISP_EXP_INFO_S.u32Exposure	1396987690	8064	1396979626.0	0.999994227579772
ISP_LBLC_LUT_ATTR_S.lblcLut[6].iso	204800	100	204700.0	0.99951171875
ISP_LBLC_LUT_ATTR_S.lblcLut[5].iso	102400	100	102300.0	0.9990234375
ISP_LBLC_LUT_ATTR_S.lblcLut[4].iso	80000	100	79900.0	0.99875
ISP_EXP_INFO_S.u32ISO	54721	100	54621.0	0.9981725480163008
ISP_EXP_INFO_S.u32ISOCalibrate	54721	100	54621.0	0.9981725480163008
ISP_LBLC_LUT_ATTR_S.lblcLut[3].iso	51200	100	51100.0	0.998046875
ISP_LBLC_LUT_ATTR_S.lblcLut[2].iso	25600	100	25500.0	0.99609375
ISP_PRESHARPEN_ATTR_S.SoftClampLB	160	1	159.0	0.99375
ISP_PRESHARPEN_ATTR_S.SoftClampUB	160	1	159.0	0.99375
ISP_LBLC_LUT_ATTR_S.lblcLut[1].iso	12800	100	12700.0	0.9921875
ISP_EXPOSURE_ATTR_S.stManual.u32AGain	66240	1024	65216.0	0.9845410628019323
ISP_EXP_INFO_S.u32AGain	66240	1024	65216.0	0.9845410628019323
ISP_LBLC_LUT_ATTR_S.lblcLut[0].iso	6400	100	6300.0	0.984375
ISP_AWB_ATTR_EX_S.stInterference.u8Ratio	50	1	49.0	0.98
ISP_LDCI_ATTR_S.stAuto.LumaPosWgt[0].Mean	42	1	41.0	0.9761904761904762
ISP_EXP_INFO_S.u32RefExpRatio	4568	147	4421.0	0.9678196147110333
ISP_EXP_INFO_S.u32ExpTime	39890	1727	38163.0	0.9567059413386814
ISP_LDCI_ATTR_S.stAuto.LumaPosWgt[1].Mean	42	4	38.0	0.9047619047619048
ISP_AWB_ATTR_EX_S.stInterference.u8Distance	10	1	9.0	0.9
ISP_EXPOSURE_ATTR_S.stManual.u32DGain	8384	1024	7360.0	0.8778625954198473
ISP_EXP_INFO_S.u32DGain	8384	1024	7360.0	0.8778625954198473
ISP_LBLC_LUT_ATTR_S.size	6	1	5.0	0.8333333333333334
ISP_LDCI_ATTR_S.stAuto.LumaPosWgt[2].Mean	42	8	34.0	0.8095238095238095
ISP_AWB_ATTR_EX_S.stInterference.u8Radius	5	1	4.0	0.8
ISP_LDCI_ATTR_S.stAuto.LumaPosWgt[0].Wgt	72	128	56.0	0.7777777777777778
ISP_LDCI_ATTR_S.stAuto.LumaPosWgt[1].Wgt	72	128	56.0	0.7777777777777778
ISP_LDCI_ATTR_S.stAuto.LumaPosWgt[2].Wgt	72	128	56.0	0.7777777777777778
ISP_LDCI_ATTR_S.stAuto.LumaPosWgt[3].Wgt	72	128	56.0	0.7777777777777778
ISP_LDCI_ATTR_S.stAuto.LumaPosWgt[4].Wgt	72	128	56.0	0.7777777777777778
ISP_LDCI_ATTR_S.stAuto.LumaPosWgt[5].Wgt	72	128	56.0	0.7777777777777778
ISP_LDCI_ATTR_S.stAuto.LumaPosWgt[6].Wgt	72	128	56.0	0.7777777777777778
ISP_PRESHARPEN_ATTR_S.stManual.OverShootGain	14	4	10.0	0.7142857142857143
ISP_PRESHARPEN_ATTR_S.stManual.UnderShootGain	14	4	10.0	0.7142857142857143
ISP_DCI_ATTR_S.DciGamma	100	31	69.0	0.69
ISP_AWB_ATTR_EX_S.u16MultiLSThr	96	32	64.0	0.6666666666666666
ISP_LDCI_ATTR_S.stAuto.LumaPosWgt[7].Wgt	72	120	48.0	0.6666666666666666
ISP_LDCI_ATTR_S.stAuto.LumaPosWgt[3].Mean	42	16	26.0	0.6190476190476191
ISP_WB_INFO_S.u32FirstStableTime	208230	105125	103105.0	0.49514959419872256
ISP_LDCI_ATTR_S.stAuto.LumaPosWgt[8].Wgt	72	104	32.0	0.4444444444444444
ISP_EXP_INFO_S.u8LEFrameAvgLuma	37	53	16.0	0.43243243243243246
ISP_AWB_ATTR_EX_S.stInterference.u8Limit	85	50	35.0	0.4117647058823529
ISP_EXP_INFO_S.stAERouteEx.u32TotalNum	5	3	2.0	0.4
ISP_LDCI_ATTR_S.stAuto.LumaPosWgt[4].Mean	42	26	16.0	0.38095238095238093
ISP_EXP_INFO_S.u8AveLum	37	51	14.0	0.3783783783783784
ISP_LDCI_ATTR_S.stAuto.LumaPosWgt[9].Wgt	72	88	16.0	0.2222222222222222
ISP_WB_INFO_S.u16ColorTemp	6085	4744	1341.0	0.22037797863599015
ISP_WB_INFO_S.u16Bgain	1775	2037	262.0	0.1476056338028169
ISP_WB_INFO_S.u16Rgain	1995	1780	215.0	0.10776942355889724
ISP_EXPOSURE_ATTR_S.stManual.u32ISPDGain	1058	1024	34.0	0.03213610586011342
ISP_EXP_INFO_S.u32ISPDGain	1058	1024	34.0	0.03213610586011342
ISP_EXPOSURE_ATTR_S.stManual.u32ExpTime	39890	39835	55.0	0.0013787916771120581
ISP_EXP_INFO_S.u32FirstStableTime	0	479980	479980.0	None
ISP_EXP_INFO_S.u32LinesPer500ms	0	36475	36475.0	None
ISP_DCIRIS_ATTR_S.s32Kp	0	11500	11500.0	None
ISP_DCIRIS_ATTR_S.s32Kd	0	5000	5000.0	None
ISP_DCIRIS_ATTR_S.s32Ki	0	1500	1500.0	None
ISP_DCIRIS_ATTR_S.u32MaxPwmDuty	0	800	800.0	None
ISP_DCIRIS_ATTR_S.u32OpenPwmDuty	0	700	700.0	None
ISP_IRIS_ATTR_S.stMIAttr.u32HoldValue	0	500	500.0	None
ISP_DCIRIS_ATTR_S.u32MinPwmDuty	0	200	200.0	None
ISP_DCI_ATTR_S.DciOffset	0	1	1.0	None
ISP_EXPOSURE_ATTR_S.stManual.enGainType	0	1	1.0	None
ISP_MESH_SHADING_ATTR_S.Enable	0	1	1.0	None
ISP_TOP_ATTR_S.VoDev	0	1	1.0	None
ISP_CA2_ATTR_S.stAuto.Ca2In	[4, 4, 4, 4, 4, 4, 4, 4, 4, 4, 4, 4, 4, 4, 4, 4, 10, 10, 10, 10, 10, 10, 10, 10, 10, 10, 10, 10, 10, 10, 10, 10, 32, 32, 32, 32, 32, 32, 32, 32, 32, 32, 32, 32, 32, 32, 32, 32, 64, 64, 64, 64, 64, 64, 64, 64, 64, 64, 64, 64, 64, 64, 64, 64, 128, 128, 128, 128, 128, 128, 128, 128, 128, 128, 128, 128, 128, 128, 128, 128, 144, 144, 144, 144, 144, 144, 144, 144, 144, 144, 144, 144, 144, 144, 144, 144]	[2, 2, 2, 2, 2, 2, 4, 4, 4, 4, 4, 4, 4, 4, 4, 4, 16, 16, 16, 16, 16, 16, 16, 10, 10, 10, 10, 10, 10, 10, 10, 10, 32, 32, 32, 32, 32, 32, 32, 32, 32, 32, 32, 32, 32, 32, 32, 32, 64, 64, 64, 64, 64, 64, 64, 64, 64, 64, 64, 64, 64, 64, 64, 64, 128, 128, 128, 128, 128, 128, 128, 128, 128, 128, 128, 128, 128, 128, 128, 128, 144, 144, 144, 144, 144, 144, 144, 144, 144, 144, 144, 144, 144, 144, 144, 144]	None	None
ISP_CA2_ATTR_S.stAuto.Ca2Out	[64, 64, 64, 64, 64, 64, 64, 64, 64, 64, 64, 64, 64, 64, 64, 64, 96, 96, 96, 96, 96, 96, 96, 96, 96, 96, 96, 96, 96, 96, 96, 96, 128, 128, 128, 128, 128, 128, 128, 128, 128, 128, 128, 128, 128, 128, 128, 128, 128, 128, 128, 128, 128, 128, 128, 128, 128, 128, 128, 128, 128, 128, 128, 128, 128, 128, 128, 128, 128, 128, 128, 128, 128, 128, 128, 128, 128, 128, 128, 128, 128, 128, 128, 128, 128, 128, 128, 128, 128, 128, 128, 128, 128, 128, 128, 128]	[128, 128, 128, 128, 128, 112, 96, 80, 64, 64, 64, 64, 64, 64, 64, 64, 128, 128, 128, 128, 128, 128, 128, 112, 96, 96, 96, 96, 96, 96, 96, 96, 128, 128, 128, 128, 128, 128, 128, 128, 128, 128, 128, 128, 128, 128, 128, 128, 128, 128, 128, 128, 128, 128, 128, 128, 128, 128, 128, 128, 128, 128, 128, 128, 128, 128, 128, 128, 128, 128, 128, 128, 128, 128, 128, 128, 128, 128, 128, 128, 128, 128, 128, 128, 128, 128, 128, 128, 128, 128, 128, 128, 128, 128, 128, 128]	None	None
ISP_CA_ATTR_S.stAuto.ISORatio	[100, 100, 100, 100, 100, 100, 100, 100, 100, 100, 92, 92, 92, 92, 92, 92]	[156, 156, 156, 148, 140, 132, 124, 116, 100, 100, 92, 76, 60, 44, 28, 12]	None	None
ISP_CNR_ATTR_S.stAuto.FilterType	[0, 0, 0, 0, 0, 0, 0, 0, 0, 0, 0, 0, 0, 0, 0, 0]	[0, 1, 1, 1, 8, 8, 14, 16, 18, 22, 22, 22, 22, 22, 22, 22]	None	None
ISP_CNR_ATTR_S.stAuto.MotionNrStr	[8, 8, 8, 8, 8, 8, 8, 8, 8, 8, 8, 8, 8, 8, 8, 8]	[8, 10, 11, 12, 16, 20, 24, 28, 32, 36, 40, 44, 44, 44, 44, 44]	None	None
ISP_CNR_ATTR_S.stAuto.NoiseSuppressStr	[3, 3, 3, 3, 3, 3, 3, 3, 3, 3, 3, 3, 3, 3, 3, 3]	[3, 6, 8, 10, 14, 18, 22, 26, 30, 34, 38, 42, 42, 42, 42, 42]	None	None
ISP_CNR_MOTION_NR_ATTR_S.stAuto.MotionCnrStrLut	[1, 1, 1, 1, 1, 1, 1, 1, 1, 1, 1, 1, 1, 1, 1, 1, 2, 2, 2, 2, 2, 2, 2, 2, 2, 2, 2, 2, 2, 2, 2, 2, 3, 3, 3, 3, 3, 3, 3, 3, 3, 3, 3, 3, 3, 3, 3, 3, 4, 4, 4, 4, 4, 4, 4, 4, 4, 4, 4, 4, 4, 4, 4, 4, 5, 5, 5, 5, 5, 5, 5, 5, 5, 5, 5, 5, 5, 5, 5, 5, 6, 6, 6, 6, 6, 6, 6, 6, 6, 6, 6, 6, 6, 6, 6, 6, 7, 7, 7, 7, 7, 7, 7, 7, 7, 7, 7, 7, 7, 7, 7, 7, 8, 8, 8, 8, 8, 8, 8, 8, 8, 8, 8, 8, 8, 8, 8, 8, 9, 9, 9, 9, 9, 9, 9, 9, 9, 9, 9, 9, 9, 9, 9, 9, 10, 10, 10, 10, 10, 10, 10, 10, 10, 10, 10, 10, 10, 10, 10, 10, 11, 11, 11, 11, 11, 11, 11, 11, 11, 11, 11, 11, 11, 11, 11, 11, 12, 12, 12, 12, 12, 12, 12, 12, 12, 12, 12, 12, 12, 12, 12, 12, 11, 11, 11, 11, 11, 11, 11, 11, 11, 11, 11, 11, 11, 11, 11, 11, 10, 10, 10, 10, 10, 10, 10, 10, 10, 10, 10, 10, 10, 10, 10, 10, 9, 9, 9, 9, 9, 9, 9, 9, 9, 9, 9, 9, 9, 9, 9, 9, 8, 8, 8, 8, 8, 8, 8, 8, 8, 8, 8, 8, 8, 8, 8, 8]	[1, 2, 3, 4, 6, 7, 8, 9, 10, 12, 14, 14, 14, 14, 14, 14, 2, 3, 4, 5, 7, 8, 9, 10, 12, 14, 16, 16, 16, 16, 16, 16, 3, 4, 5, 6, 8, 9, 10, 12, 14, 16, 19, 19, 19, 19, 19, 19, 4, 5, 6, 7, 9, 10, 12, 14, 16, 19, 22, 22, 22, 22, 22, 22, 5, 6, 7, 8, 10, 12, 14, 16, 19, 22, 26, 26, 26, 26, 26, 26, 6, 7, 8, 9, 12, 14, 16, 19, 22, 26, 31, 31, 31, 31, 31, 31, 7, 8, 9, 10, 14, 16, 19, 22, 26, 31, 37, 37, 37, 37, 37, 37, 8, 9, 10, 12, 16, 19, 22, 26, 31, 37, 44, 44, 44, 44, 44, 44, 9, 10, 12, 14, 19, 22, 26, 31, 37, 44, 52, 52, 52, 52, 52, 52, 10, 12, 14, 16, 22, 26, 31, 37, 44, 52, 62, 62, 62, 62, 62, 62, 11, 14, 16, 19, 26, 31, 37, 44, 52, 62, 74, 74, 74, 74, 74, 74, 12, 16, 19, 22, 31, 37, 44, 52, 62, 74, 88, 88, 88, 88, 88, 88, 11, 14, 16, 19, 26, 31, 37, 44, 52, 62, 74, 74, 74, 74, 74, 74, 10, 12, 14, 16, 22, 31, 31, 37, 44, 52, 62, 62, 62, 62, 62, 62, 9, 10, 12, 14, 19, 26, 26, 31, 37, 44, 52, 52, 52, 52, 52, 52, 8, 9, 10, 12, 16, 19, 22, 26, 31, 37, 44, 44, 44, 44, 44, 44]	None	None
ISP_DEHAZE_ATTR_S.stAuto.Strength	[0, 0, 0, 0, 0, 0, 4, 4, 4, 4, 4, 4, 4, 4, 4, 4]	[12, 8, 4, 0, 0, 0, 4, 4, 4, 4, 4, 4, 4, 4, 4, 4]	None	None
ISP_DRC_ATTR_S.stAuto.SdrBritContrastHigh	[60, 60, 60, 60, 60, 60, 60, 60, 60, 60, 60, 60, 60, 60, 60, 60, 60, 60, 60, 60, 60]	[60, 60, 60, 60, 60, 60, 60, 60, 60, 60, 60, 60, 60, 60, 60, 55, 50, 50, 50, 50, 50]	None	None
ISP_DRC_ATTR_S.stAuto.SdrBritInflectPtLuma	[64, 64, 64, 64, 64, 64, 64, 64, 64, 64, 64, 64, 64, 64, 64, 64, 64, 64, 64, 64, 64]	[64, 64, 64, 70, 86, 100, 100, 100, 100, 100, 100, 100, 100, 100, 100, 100, 100, 100, 100, 100, 100]	None	None
ISP_DRC_ATTR_S.stAuto.SdrTargetYGain	[32, 32, 32, 32, 32, 32, 32, 32, 32, 32, 32, 32, 32, 32, 32, 32, 32, 32, 32, 32, 32]	[32, 32, 32, 32, 32, 36, 40, 40, 40, 40, 40, 42, 44, 46, 48, 48, 48, 48, 48, 48, 48]	None	None
ISP_EXPOSURE_ATTR_S.stAuto.au32Reserve	[3225084232, 0, 0, 0, 0, 0, 0, 0, 0, 0]	[0, 0, 0, 0, 0, 0, 0, 0, 0, 0]	None	None
ISP_EXP_INFO_S.au32AE_Hist256Value	[32080, 45040, 23216, 21184, 22832, 31936, 28464, 27968, 28688, 29600, 28448, 28848, 28880, 34736, 31136, 27856, 26464, 24448, 23600, 22736, 22304, 24080, 29792, 18928, 16928, 15888, 14192, 14000, 14160, 14176, 24512, 13584, 11808, 11040, 10192, 9744, 9472, 9376, 11120, 18400, 7776, 7184, 6720, 6096, 5904, 5632, 6064, 16272, 4944, 4496, 4208, 3728, 3296, 3376, 3424, 3904, 12384, 2800, 2352, 2320, 1984, 1728, 1968, 2032, 9552, 1792, 1728, 1680, 1392, 1248, 1520, 1360, 1520, 7888, 1392, 1296, 1072, 1104, 944, 1184, 1264, 6768, 1104, 1088, 1072, 832, 896, 1104, 1040, 1040, 6144, 992, 960, 880, 864, 704, 896, 976, 5760, 848, 848, 976, 768, 720, 864, 832, 800, 5792, 832, 832, 624, 720, 640, 736, 816, 5552, 720, 752, 784, 640, 608, 768, 816, 688, 5712, 832, 608, 560, 704, 560, 624, 736, 5488, 656, 688, 752, 528, 608, 736, 768, 640, 5440, 768, 736, 560, 672, 592, 624, 720, 5072, 640, 736, 720, 592, 592, 800, 688, 640, 4496, 672, 736, 512, 704, 576, 560, 736, 4400, 592, 640, 672, 560, 480, 592, 624, 544, 3824, 592, 544, 400, 480, 416, 384, 480, 3520, 368, 416, 464, 336, 320, 320, 384, 304, 3040, 288, 352, 208, 272, 224, 256, 304, 2464, 176, 224, 240, 192, 144, 192, 224, 160, 2000, 160, 192, 128, 144, 112, 112, 144, 1504, 64, 96, 128, 96, 96, 96, 128, 80, 1056, 80, 80, 48, 48, 64, 80, 64, 704, 48, 64, 64, 64, 48, 64, 80, 48, 656, 64, 80, 48, 48, 32, 64, 80, 1008, 96, 192, 432, 2768]	[0, 0, 0, 0, 0, 0, 0, 0, 0, 0, 0, 0, 0, 0, 0, 48, 96, 144, 192, 176, 160, 144, 160, 160, 176, 176, 176, 160, 176, 176, 176, 192, 192, 192, 208, 256, 224, 304, 368, 496, 1824, 11680, 22480, 27984, 38432, 71456, 128816, 180112, 163136, 98640, 58352, 45696, 36880, 32608, 28944, 25184, 23184, 22224, 20096, 18224, 16016, 13504, 11872, 10016, 7296, 3968, 1264, 256, 96, 96, 160, 224, 320, 480, 672, 864, 1200, 1568, 2000, 2624, 3536, 3808, 3104, 2704, 3280, 3024, 2896, 3440, 3776, 4992, 6560, 8368, 6912, 4240, 2336, 1152, 384, 64, 0, 0, 0, 0, 0, 0, 0, 0, 0, 0, 0, 0, 0, 0, 0, 0, 0, 0, 0, 0, 0, 0, 0, 0, 0, 0, 0, 0, 0, 0, 0, 0, 0, 0, 0, 0, 0, 0, 0, 0, 0, 0, 0, 0, 0, 0, 0, 0, 0, 0, 0, 0, 0, 0, 0, 0, 0, 0, 0, 0, 0, 0, 0, 0, 0, 0, 0, 0, 0, 0, 0, 0, 0, 0, 0, 0, 0, 0, 0, 0, 0, 0, 0, 0, 0, 0, 0, 0, 0, 0, 0, 0, 0, 0, 0, 0, 0, 0, 0, 0, 0, 0, 0, 0, 0, 0, 0, 0, 0, 0, 0, 0, 0, 0, 0, 0, 0, 0, 0, 0, 0, 0, 0, 0, 0, 0, 0, 0, 0, 0, 0, 0, 0, 0, 0, 0, 0, 0, 0, 0, 0, 0, 0, 0, 0, 0, 0, 0, 0, 0, 0, 0, 0, 0, 0, 0, 0, 0]	None	None
ISP_EXP_INFO_S.stAERoute.astRouteNode	[1, 1024, 10, 1024, 0, 0, 0, 0, 0, 0, 0, 0, 0, 0, 0, 0, 0, 0, 0, 0, 0, 0, 0, 0, 0, 0, 0, 0, 0, 0, 0, 0, 0, 0, 0, 0, 0, 0, 0, 0, 0, 0, 0, 0, 0, 0, 0, 0, 0, 0, 0, 0, 0, 0, 0, 0, 0, 0, 0, 0, 0, 0, 0, 0]	[14, 1024, 10, 1024, 39890, 1024, 10, 1024, 39890, 34893892, 10, 1024, 0, 0, 0, 0, 0, 0, 0, 0, 0, 0, 0, 0, 0, 0, 0, 0, 0, 0, 0, 0, 0, 0, 0, 0, 0, 0, 0, 0, 0, 0, 0, 0, 0, 0, 0, 0, 0, 0, 0, 0, 0, 0, 0, 0, 0, 0, 0, 0, 0, 0, 0, 0]	None	None
ISP_EXP_INFO_S.stAERouteEx.astRouteExNode	[23, 1024, 1024, 1024, 10, 1024, 39822, 1024, 1024, 1024, 10, 1024, 39822, 77648, 1024, 1024, 10, 1024, 39822, 77648, 10240, 1024, 10, 1024, 39822, 77648, 10240, 32767, 10, 1024, 0, 0, 0, 0, 0, 0, 0, 0, 0, 0, 0, 0, 0, 0, 0, 0, 0, 0, 0, 0, 0, 0, 0, 0, 0, 0, 0, 0, 0, 0, 0, 0, 0, 0, 0, 0, 0, 0, 0, 0, 0, 0, 0, 0, 0, 0, 0, 0, 0, 0, 0, 0, 0, 0, 0, 0, 0, 0, 0, 0, 0, 0, 0, 0, 0, 0]	[23, 1024, 1024, 1024, 10, 1024, 39822, 1024, 1024, 1024, 10, 1024, 39822, 68200, 1024, 1024, 10, 1024, 0, 0, 0, 0, 0, 0, 0, 0, 0, 0, 0, 0, 0, 0, 0, 0, 0, 0, 0, 0, 0, 0, 0, 0, 0, 0, 0, 0, 0, 0, 0, 0, 0, 0, 0, 0, 0, 0, 0, 0, 0, 0, 0, 0, 0, 0, 0, 0, 0, 0, 0, 0, 0, 0, 0, 0, 0, 0, 0, 0, 0, 0, 0, 0, 0, 0, 0, 0, 0, 0, 0, 0, 0, 0, 0, 0, 0, 0]	None	None
ISP_LBLC_ATTR_S.stAuto.strength	[1024, 1024, 1024, 1024, 1024, 1024, 1024, 1024, 1024, 1024, 1024, 1024, 1024, 1024, 1024, 1024]	[0, 0, 0, 0, 0, 0, 0, 0, 0, 0, 0, 0, 0, 0, 0, 0]	None	None
ISP_LBLC_LUT_ATTR_S.lblcLut[0].lblcOffsetB	[127, 127, 127, 126, 126, 126, 125, 125, 127, 127, 127, 127, 126, 126, 125, 125, 127, 127, 127, 127, 127, 126, 125, 125, 127, 128, 127, 127, 127, 126, 125, 125, 127, 128, 128, 128, 127, 126, 125, 125, 128, 128, 128, 128, 127, 127, 126, 125, 128, 128, 128, 128, 128, 127, 126, 125, 128, 129, 129, 129, 128, 127, 126, 125]	[0, 0, 0, 0, 0, 0, 0, 0, 0, 0, 0, 0, 0, 0, 0, 0, 0, 0, 0, 0, 0, 0, 0, 0, 0, 0, 0, 0, 0, 0, 0, 0, 0, 0, 0, 0, 0, 0, 0, 0, 0, 0, 0, 0, 0, 0, 0, 0, 0, 0, 0, 0, 0, 0, 0, 0, 0, 0, 0, 0, 0, 0, 0, 0]	None	None
ISP_LBLC_LUT_ATTR_S.lblcLut[0].lblcOffsetGb	[127, 127, 127, 126, 126, 126, 125, 125, 127, 127, 127, 127, 126, 126, 125, 125, 127, 127, 127, 127, 127, 126, 125, 125, 127, 128, 127, 127, 127, 126, 125, 125, 128, 128, 128, 128, 127, 127, 125, 125, 128, 128, 128, 128, 127, 127, 126, 125, 128, 128, 128, 128, 128, 127, 126, 125, 128, 129, 129, 129, 128, 127, 126, 125]	[0, 0, 0, 0, 0, 0, 0, 0, 0, 0, 0, 0, 0, 0, 0, 0, 0, 0, 0, 0, 0, 0, 0, 0, 0, 0, 0, 0, 0, 0, 0, 0, 0, 0, 0, 0, 0, 0, 0, 0, 0, 0, 0, 0, 0, 0, 0, 0, 0, 0, 0, 0, 0, 0, 0, 0, 0, 0, 0, 0, 0, 0, 0, 0]	None	None
ISP_LBLC_LUT_ATTR_S.lblcLut[0].lblcOffsetGr	[127, 127, 126, 126, 126, 126, 125, 125, 127, 127, 127, 127, 126, 126, 125, 125, 127, 127, 127, 127, 126, 126, 125, 125, 127, 127, 127, 127, 127, 126, 125, 125, 127, 128, 128, 127, 127, 126, 125, 125, 128, 128, 128, 128, 127, 127, 125, 125, 128, 128, 128, 128, 128, 127, 126, 125, 128, 128, 129, 129, 128, 127, 126, 125]	[0, 0, 0, 0, 0, 0, 0, 0, 0, 0, 0, 0, 0, 0, 0, 0, 0, 0, 0, 0, 0, 0, 0, 0, 0, 0, 0, 0, 0, 0, 0, 0, 0, 0, 0, 0, 0, 0, 0, 0, 0, 0, 0, 0, 0, 0, 0, 0, 0, 0, 0, 0, 0, 0, 0, 0, 0, 0, 0, 0, 0, 0, 0, 0]	None	None
ISP_LBLC_LUT_ATTR_S.lblcLut[0].lblcOffsetR	[127, 127, 127, 126, 126, 126, 125, 125, 127, 127, 127, 127, 126, 126, 125, 125, 127, 127, 127, 127, 127, 126, 125, 125, 127, 127, 127, 127, 127, 126, 125, 125, 128, 128, 128, 128, 127, 126, 125, 125, 128, 128, 128, 128, 127, 127, 126, 125, 128, 128, 128, 128, 128, 127, 126, 125, 128, 129, 129, 129, 128, 127, 126, 125]	[0, 0, 0, 0, 0, 0, 0, 0, 0, 0, 0, 0, 0, 0, 0, 0, 0, 0, 0, 0, 0, 0, 0, 0, 0, 0, 0, 0, 0, 0, 0, 0, 0, 0, 0, 0, 0, 0, 0, 0, 0, 0, 0, 0, 0, 0, 0, 0, 0, 0, 0, 0, 0, 0, 0, 0, 0, 0, 0, 0, 0, 0, 0, 0]	None	None
ISP_LBLC_LUT_ATTR_S.lblcLut[1].lblcOffsetB	[126, 126, 125, 124, 123, 122, 122, 124, 126, 126, 126, 125, 124, 123, 122, 124, 126, 126, 126, 125, 124, 123, 122, 123, 127, 127, 127, 126, 125, 123, 122, 123, 127, 127, 127, 126, 125, 123, 122, 123, 127, 128, 128, 127, 126, 123, 122, 123, 127, 129, 129, 128, 126, 124, 123, 123, 128, 129, 129, 129, 127, 124, 123, 123]	[0, 0, 0, 0, 0, 0, 0, 0, 0, 0, 0, 0, 0, 0, 0, 0, 0, 0, 0, 0, 0, 0, 0, 0, 0, 0, 0, 0, 0, 0, 0, 0, 0, 0, 0, 0, 0, 0, 0, 0, 0, 0, 0, 0, 0, 0, 0, 0, 0, 0, 0, 0, 0, 0, 0, 0, 0, 0, 0, 0, 0, 0, 0, 0]	None	None
ISP_LBLC_LUT_ATTR_S.lblcLut[1].lblcOffsetGb	[126, 126, 125, 124, 123, 123, 122, 124, 126, 126, 126, 125, 124, 123, 122, 124, 127, 127, 126, 125, 124, 123, 122, 123, 127, 127, 127, 126, 125, 123, 122, 123, 127, 127, 127, 126, 125, 123, 122, 123, 127, 128, 128, 127, 126, 124, 122, 123, 127, 128, 129, 128, 126, 124, 123, 123, 128, 129, 129, 129, 127, 125, 123, 123]	[0, 0, 0, 0, 0, 0, 0, 0, 0, 0, 0, 0, 0, 0, 0, 0, 0, 0, 0, 0, 0, 0, 0, 0, 0, 0, 0, 0, 0, 0, 0, 0, 0, 0, 0, 0, 0, 0, 0, 0, 0, 0, 0, 0, 0, 0, 0, 0, 0, 0, 0, 0, 0, 0, 0, 0, 0, 0, 0, 0, 0, 0, 0, 0]	None	None
ISP_LBLC_LUT_ATTR_S.lblcLut[1].lblcOffsetGr	[126, 125, 125, 124, 123, 122, 122, 124, 126, 126, 125, 125, 123, 123, 122, 124, 126, 126, 126, 125, 124, 123, 122, 123, 127, 127, 127, 126, 124, 123, 122, 123, 127, 127, 127, 126, 125, 123, 122, 123, 127, 128, 128, 127, 125, 123, 122, 123, 127, 128, 128, 127, 126, 124, 123, 123, 128, 129, 129, 129, 127, 124, 123, 123]	[0, 0, 0, 0, 0, 0, 0, 0, 0, 0, 0, 0, 0, 0, 0, 0, 0, 0, 0, 0, 0, 0, 0, 0, 0, 0, 0, 0, 0, 0, 0, 0, 0, 0, 0, 0, 0, 0, 0, 0, 0, 0, 0, 0, 0, 0, 0, 0, 0, 0, 0, 0, 0, 0, 0, 0, 0, 0, 0, 0, 0, 0, 0, 0]	None	None
ISP_LBLC_LUT_ATTR_S.lblcLut[1].lblcOffsetR	[126, 126, 125, 124, 123, 122, 122, 124, 126, 126, 125, 125, 124, 122, 122, 124, 126, 126, 126, 125, 124, 123, 122, 123, 127, 127, 127, 126, 124, 123, 122, 123, 127, 127, 127, 126, 125, 123, 122, 123, 127, 128, 128, 127, 126, 124, 122, 123, 127, 128, 128, 128, 126, 124, 123, 123, 128, 129, 129, 129, 127, 124, 123, 123]	[0, 0, 0, 0, 0, 0, 0, 0, 0, 0, 0, 0, 0, 0, 0, 0, 0, 0, 0, 0, 0, 0, 0, 0, 0, 0, 0, 0, 0, 0, 0, 0, 0, 0, 0, 0, 0, 0, 0, 0, 0, 0, 0, 0, 0, 0, 0, 0, 0, 0, 0, 0, 0, 0, 0, 0, 0, 0, 0, 0, 0, 0, 0, 0]	None	None
ISP_LBLC_LUT_ATTR_S.lblcLut[2].lblcOffsetB	[122, 121, 119, 118, 116, 114, 114, 117, 122, 122, 121, 119, 117, 115, 114, 117, 122, 123, 122, 120, 118, 115, 114, 116, 123, 124, 123, 121, 119, 115, 113, 115, 123, 124, 124, 122, 120, 116, 114, 114, 124, 126, 125, 124, 121, 116, 114, 114, 125, 127, 127, 125, 122, 117, 115, 114, 125, 128, 128, 127, 124, 118, 115, 114]	[0, 0, 0, 0, 0, 0, 0, 0, 0, 0, 0, 0, 0, 0, 0, 0, 0, 0, 0, 0, 0, 0, 0, 0, 0, 0, 0, 0, 0, 0, 0, 0, 0, 0, 0, 0, 0, 0, 0, 0, 0, 0, 0, 0, 0, 0, 0, 0, 0, 0, 0, 0, 0, 0, 0, 0, 0, 0, 0, 0, 0, 0, 0, 0]	None	None
ISP_LBLC_LUT_ATTR_S.lblcLut[2].lblcOffsetGb	[122, 121, 120, 118, 116, 114, 114, 117, 122, 122, 121, 119, 117, 115, 114, 116, 123, 123, 122, 120, 118, 115, 114, 116, 123, 124, 123, 121, 119, 116, 114, 115, 124, 125, 124, 122, 120, 116, 114, 114, 124, 125, 126, 124, 121, 117, 114, 114, 125, 127, 127, 125, 122, 118, 115, 115, 125, 128, 129, 127, 124, 119, 115, 115]	[0, 0, 0, 0, 0, 0, 0, 0, 0, 0, 0, 0, 0, 0, 0, 0, 0, 0, 0, 0, 0, 0, 0, 0, 0, 0, 0, 0, 0, 0, 0, 0, 0, 0, 0, 0, 0, 0, 0, 0, 0, 0, 0, 0, 0, 0, 0, 0, 0, 0, 0, 0, 0, 0, 0, 0, 0, 0, 0, 0, 0, 0, 0, 0]	None	None
ISP_LBLC_LUT_ATTR_S.lblcLut[2].lblcOffsetGr	[121, 120, 119, 117, 116, 114, 113, 116, 121, 121, 120, 119, 116, 114, 113, 116, 122, 122, 122, 120, 117, 114, 113, 115, 123, 123, 123, 121, 118, 114, 113, 114, 123, 124, 124, 122, 119, 115, 113, 114, 124, 125, 125, 123, 120, 116, 114, 114, 124, 126, 126, 124, 121, 117, 114, 114, 125, 128, 128, 127, 123, 118, 115, 114]	[0, 0, 0, 0, 0, 0, 0, 0, 0, 0, 0, 0, 0, 0, 0, 0, 0, 0, 0, 0, 0, 0, 0, 0, 0, 0, 0, 0, 0, 0, 0, 0, 0, 0, 0, 0, 0, 0, 0, 0, 0, 0, 0, 0, 0, 0, 0, 0, 0, 0, 0, 0, 0, 0, 0, 0, 0, 0, 0, 0, 0, 0, 0, 0]	None	None
ISP_LBLC_LUT_ATTR_S.lblcLut[2].lblcOffsetR	[121, 121, 119, 118, 116, 114, 113, 117, 122, 121, 120, 119, 117, 114, 113, 116, 122, 123, 122, 120, 117, 114, 114, 116, 123, 124, 123, 121, 119, 115, 113, 115, 123, 124, 124, 122, 119, 116, 113, 114, 124, 125, 125, 124, 121, 117, 114, 114, 125, 126, 127, 125, 122, 117, 115, 114, 125, 128, 129, 127, 124, 118, 115, 115]	[0, 0, 0, 0, 0, 0, 0, 0, 0, 0, 0, 0, 0, 0, 0, 0, 0, 0, 0, 0, 0, 0, 0, 0, 0, 0, 0, 0, 0, 0, 0, 0, 0, 0, 0, 0, 0, 0, 0, 0, 0, 0, 0, 0, 0, 0, 0, 0, 0, 0, 0, 0, 0, 0, 0, 0, 0, 0, 0, 0, 0, 0, 0, 0]	None	None
ISP_LBLC_LUT_ATTR_S.lblcLut[3].lblcOffsetB	[113, 111, 108, 105, 102, 98, 97, 103, 113, 113, 110, 107, 103, 99, 98, 103, 114, 114, 113, 109, 104, 99, 97, 101, 115, 117, 115, 112, 107, 100, 97, 99, 116, 118, 118, 114, 108, 101, 97, 98, 117, 120, 120, 116, 111, 102, 98, 98, 118, 122, 123, 119, 113, 104, 100, 99, 120, 125, 126, 124, 117, 106, 100, 98]	[0, 0, 0, 0, 0, 0, 0, 0, 0, 0, 0, 0, 0, 0, 0, 0, 0, 0, 0, 0, 0, 0, 0, 0, 0, 0, 0, 0, 0, 0, 0, 0, 0, 0, 0, 0, 0, 0, 0, 0, 0, 0, 0, 0, 0, 0, 0, 0, 0, 0, 0, 0, 0, 0, 0, 0, 0, 0, 0, 0, 0, 0, 0, 0]	None	None
ISP_LBLC_LUT_ATTR_S.lblcLut[3].lblcOffsetGb	[113, 111, 108, 105, 101, 98, 97, 103, 113, 112, 110, 107, 103, 99, 98, 102, 114, 114, 113, 109, 105, 99, 97, 101, 115, 116, 114, 111, 106, 100, 97, 99, 116, 118, 117, 114, 108, 101, 97, 98, 117, 119, 120, 116, 110, 102, 98, 98, 118, 122, 123, 120, 113, 104, 99, 99, 119, 125, 126, 123, 116, 106, 100, 99]	[0, 0, 0, 0, 0, 0, 0, 0, 0, 0, 0, 0, 0, 0, 0, 0, 0, 0, 0, 0, 0, 0, 0, 0, 0, 0, 0, 0, 0, 0, 0, 0, 0, 0, 0, 0, 0, 0, 0, 0, 0, 0, 0, 0, 0, 0, 0, 0, 0, 0, 0, 0, 0, 0, 0, 0, 0, 0, 0, 0, 0, 0, 0, 0]	None	None
ISP_LBLC_LUT_ATTR_S.lblcLut[3].lblcOffsetGr	[112, 110, 108, 105, 101, 98, 98, 103, 113, 112, 110, 107, 103, 99, 98, 102, 114, 114, 112, 109, 104, 99, 97, 101, 115, 116, 115, 111, 106, 99, 97, 99, 116, 117, 117, 113, 108, 101, 97, 98, 117, 119, 119, 115, 110, 102, 98, 98, 118, 122, 122, 119, 113, 104, 99, 98, 119, 124, 126, 123, 116, 106, 100, 98]	[0, 0, 0, 0, 0, 0, 0, 0, 0, 0, 0, 0, 0, 0, 0, 0, 0, 0, 0, 0, 0, 0, 0, 0, 0, 0, 0, 0, 0, 0, 0, 0, 0, 0, 0, 0, 0, 0, 0, 0, 0, 0, 0, 0, 0, 0, 0, 0, 0, 0, 0, 0, 0, 0, 0, 0, 0, 0, 0, 0, 0, 0, 0, 0]	None	None
ISP_LBLC_LUT_ATTR_S.lblcLut[3].lblcOffsetR	[113, 111, 108, 105, 101, 98, 97, 103, 113, 112, 110, 107, 103, 99, 97, 102, 114, 114, 113, 110, 104, 99, 97, 101, 115, 116, 115, 112, 106, 100, 97, 99, 116, 118, 117, 114, 108, 101, 97, 98, 117, 120, 120, 117, 110, 103, 98, 98, 118, 122, 123, 120, 113, 104, 99, 98, 119, 125, 126, 123, 116, 106, 100, 99]	[0, 0, 0, 0, 0, 0, 0, 0, 0, 0, 0, 0, 0, 0, 0, 0, 0, 0, 0, 0, 0, 0, 0, 0, 0, 0, 0, 0, 0, 0, 0, 0, 0, 0, 0, 0, 0, 0, 0, 0, 0, 0, 0, 0, 0, 0, 0, 0, 0, 0, 0, 0, 0, 0, 0, 0, 0, 0, 0, 0, 0, 0, 0, 0]	None	None
ISP_LBLC_LUT_ATTR_S.lblcLut[4].lblcOffsetB	[111, 108, 103, 99, 95, 91, 89, 97, 112, 110, 107, 102, 97, 92, 89, 96, 112, 112, 110, 105, 99, 91, 88, 93, 114, 116, 113, 108, 102, 93, 88, 90, 115, 118, 117, 112, 104, 95, 88, 90, 117, 121, 119, 115, 108, 97, 90, 90, 118, 124, 124, 119, 111, 99, 91, 90, 120, 128, 128, 126, 116, 101, 92, 90]	[0, 0, 0, 0, 0, 0, 0, 0, 0, 0, 0, 0, 0, 0, 0, 0, 0, 0, 0, 0, 0, 0, 0, 0, 0, 0, 0, 0, 0, 0, 0, 0, 0, 0, 0, 0, 0, 0, 0, 0, 0, 0, 0, 0, 0, 0, 0, 0, 0, 0, 0, 0, 0, 0, 0, 0, 0, 0, 0, 0, 0, 0, 0, 0]	None	None
ISP_LBLC_LUT_ATTR_S.lblcLut[4].lblcOffsetGb	[111, 107, 104, 99, 94, 90, 88, 96, 111, 109, 106, 103, 97, 91, 89, 94, 113, 112, 110, 105, 99, 91, 88, 93, 114, 114, 113, 108, 101, 94, 88, 91, 116, 117, 115, 111, 104, 95, 88, 89, 117, 119, 120, 115, 107, 97, 89, 89, 118, 123, 124, 119, 111, 99, 91, 90, 120, 127, 129, 125, 116, 102, 92, 90]	[0, 0, 0, 0, 0, 0, 0, 0, 0, 0, 0, 0, 0, 0, 0, 0, 0, 0, 0, 0, 0, 0, 0, 0, 0, 0, 0, 0, 0, 0, 0, 0, 0, 0, 0, 0, 0, 0, 0, 0, 0, 0, 0, 0, 0, 0, 0, 0, 0, 0, 0, 0, 0, 0, 0, 0, 0, 0, 0, 0, 0, 0, 0, 0]	None	None
ISP_LBLC_LUT_ATTR_S.lblcLut[4].lblcOffsetGr	[109, 106, 103, 98, 94, 89, 88, 95, 109, 108, 105, 101, 95, 90, 88, 94, 111, 110, 109, 104, 97, 90, 88, 92, 112, 113, 112, 107, 100, 91, 88, 89, 113, 115, 115, 110, 103, 94, 87, 89, 115, 118, 118, 113, 105, 95, 89, 89, 117, 122, 122, 117, 109, 98, 90, 89, 118, 125, 127, 124, 114, 101, 91, 89]	[0, 0, 0, 0, 0, 0, 0, 0, 0, 0, 0, 0, 0, 0, 0, 0, 0, 0, 0, 0, 0, 0, 0, 0, 0, 0, 0, 0, 0, 0, 0, 0, 0, 0, 0, 0, 0, 0, 0, 0, 0, 0, 0, 0, 0, 0, 0, 0, 0, 0, 0, 0, 0, 0, 0, 0, 0, 0, 0, 0, 0, 0, 0, 0]	None	None
ISP_LBLC_LUT_ATTR_S.lblcLut[4].lblcOffsetR	[110, 107, 103, 99, 94, 89, 88, 96, 111, 109, 106, 102, 96, 90, 88, 95, 111, 112, 110, 105, 98, 91, 88, 92, 114, 115, 113, 108, 102, 93, 87, 91, 115, 117, 116, 111, 104, 94, 88, 89, 116, 120, 120, 115, 107, 97, 89, 89, 118, 123, 124, 119, 111, 99, 91, 89, 120, 127, 129, 124, 115, 101, 92, 91]	[0, 0, 0, 0, 0, 0, 0, 0, 0, 0, 0, 0, 0, 0, 0, 0, 0, 0, 0, 0, 0, 0, 0, 0, 0, 0, 0, 0, 0, 0, 0, 0, 0, 0, 0, 0, 0, 0, 0, 0, 0, 0, 0, 0, 0, 0, 0, 0, 0, 0, 0, 0, 0, 0, 0, 0, 0, 0, 0, 0, 0, 0, 0, 0]	None	None
ISP_LBLC_LUT_ATTR_S.lblcLut[5].lblcOffsetB	[114, 110, 106, 100, 95, 91, 90, 99, 115, 113, 109, 104, 98, 92, 90, 98, 116, 115, 113, 107, 99, 92, 89, 94, 117, 120, 116, 111, 103, 93, 89, 91, 119, 122, 120, 115, 106, 95, 89, 91, 121, 126, 124, 119, 110, 97, 91, 91, 123, 130, 130, 124, 113, 100, 93, 91, 126, 135, 135, 132, 120, 102, 93, 91]	[0, 0, 0, 0, 0, 0, 0, 0, 0, 0, 0, 0, 0, 0, 0, 0, 0, 0, 0, 0, 0, 0, 0, 0, 0, 0, 0, 0, 0, 0, 0, 0, 0, 0, 0, 0, 0, 0, 0, 0, 0, 0, 0, 0, 0, 0, 0, 0, 0, 0, 0, 0, 0, 0, 0, 0, 0, 0, 0, 0, 0, 0, 0, 0]	None	None
ISP_LBLC_LUT_ATTR_S.lblcLut[5].lblcOffsetGb	[114, 109, 105, 100, 94, 91, 89, 97, 114, 112, 108, 104, 98, 91, 90, 96, 116, 115, 112, 107, 100, 91, 88, 94, 117, 118, 115, 110, 102, 94, 89, 92, 119, 121, 119, 113, 105, 95, 89, 90, 121, 123, 124, 118, 109, 96, 90, 90, 122, 128, 129, 124, 113, 99, 92, 91, 125, 133, 134, 130, 119, 102, 94, 91]	[0, 0, 0, 0, 0, 0, 0, 0, 0, 0, 0, 0, 0, 0, 0, 0, 0, 0, 0, 0, 0, 0, 0, 0, 0, 0, 0, 0, 0, 0, 0, 0, 0, 0, 0, 0, 0, 0, 0, 0, 0, 0, 0, 0, 0, 0, 0, 0, 0, 0, 0, 0, 0, 0, 0, 0, 0, 0, 0, 0, 0, 0, 0, 0]	None	None
ISP_LBLC_LUT_ATTR_S.lblcLut[5].lblcOffsetGr	[112, 109, 105, 100, 95, 90, 89, 97, 113, 111, 107, 103, 97, 91, 89, 97, 114, 114, 112, 106, 99, 91, 89, 94, 116, 117, 116, 110, 101, 92, 89, 91, 118, 120, 119, 113, 104, 94, 88, 90, 120, 123, 123, 117, 108, 96, 91, 91, 122, 127, 128, 121, 112, 99, 91, 90, 124, 132, 134, 130, 118, 102, 93, 91]	[0, 0, 0, 0, 0, 0, 0, 0, 0, 0, 0, 0, 0, 0, 0, 0, 0, 0, 0, 0, 0, 0, 0, 0, 0, 0, 0, 0, 0, 0, 0, 0, 0, 0, 0, 0, 0, 0, 0, 0, 0, 0, 0, 0, 0, 0, 0, 0, 0, 0, 0, 0, 0, 0, 0, 0, 0, 0, 0, 0, 0, 0, 0, 0]	None	None
ISP_LBLC_LUT_ATTR_S.lblcLut[5].lblcOffsetR	[113, 111, 106, 101, 95, 90, 89, 98, 115, 113, 109, 103, 97, 91, 89, 97, 115, 115, 113, 108, 100, 91, 89, 94, 118, 119, 117, 111, 103, 93, 89, 92, 119, 122, 120, 114, 106, 94, 88, 91, 121, 125, 125, 119, 110, 98, 91, 90, 123, 129, 130, 124, 114, 100, 93, 90, 125, 134, 136, 131, 119, 103, 94, 92]	[0, 0, 0, 0, 0, 0, 0, 0, 0, 0, 0, 0, 0, 0, 0, 0, 0, 0, 0, 0, 0, 0, 0, 0, 0, 0, 0, 0, 0, 0, 0, 0, 0, 0, 0, 0, 0, 0, 0, 0, 0, 0, 0, 0, 0, 0, 0, 0, 0, 0, 0, 0, 0, 0, 0, 0, 0, 0, 0, 0, 0, 0, 0, 0]	None	None
ISP_LDCI_ATTR_S.stAuto.BrightContrastHigh	[8, 8, 8, 8, 8, 8, 8, 8, 8, 8, 4, 4, 4, 4, 4, 4]	[24, 24, 24, 24, 24, 24, 20, 16, 12, 8, 4, 0, 0, 0, 0, 0]	None	None
ISP_LDCI_ATTR_S.stAuto.BrightContrastLow	[0, 0, 0, 0, 0, 0, 0, 0, 0, 0, 0, 0, 0, 0, 0, 0]	[8, 8, 8, 8, 8, 8, 4, 0, 0, 0, 0, 0, 0, 0, 0, 0]	None	None
ISP_LDCI_ATTR_S.stAuto.DarkContrastHigh	[16, 16, 16, 16, 16, 16, 16, 16, 16, 16, 12, 12, 12, 12, 12, 12]	[32, 32, 32, 32, 32, 32, 28, 24, 20, 16, 12, 8, 4, 0, 0, 0]	None	None
ISP_LDCI_ATTR_S.stAuto.LdciRange	[0, 0, 0, 0, 0, 0, 0, 0, 0, 0, 0, 0, 0, 0, 0, 0]	[256, 256, 256, 256, 224, 192, 128, 64, 0, 0, 0, 0, 0, 0, 0, 0]	None	None
ISP_LDCI_ATTR_S.stAuto.LdciStrength	[0, 0, 0, 0, 0, 0, 0, 0, 0, 0, 0, 0, 0, 0, 0, 0]	[192, 192, 192, 192, 160, 96, 32, 0, 0, 0, 0, 0, 0, 0, 0, 0]	None	None
ISP_NR_ATTR_S.stAuto.FilterType	[0, 0, 0, 0, 0, 0, 0, 0, 0, 0, 0, 0, 0, 0, 0, 0]	[0, 0, 0, 0, 0, 0, 8, 24, 24, 24, 24, 32, 40, 48, 56, 64]	None	None
ISP_NR_ATTR_S.stAuto.NoiseSuppressStr	[64, 64, 64, 64, 64, 64, 64, 64, 64, 64, 64, 64, 64, 64, 64, 64]	[64, 64, 64, 64, 64, 64, 64, 72, 80, 88, 88, 96, 104, 112, 120, 128]	None	None
ISP_NR_FILTER_ATTR_S.stAuto.NpLowOffsetB	[1, 1, 1, 1, 1, 1, 1, 1, 1, 1, 1, 1, 1, 1, 1, 1]	[1, 2, 3, 5, 7, 8, 10, 14, 30, 46, 54, 62, 70, 78, 86, 94]	None	None
ISP_NR_FILTER_ATTR_S.stAuto.NpLowOffsetGb	[1, 1, 1, 1, 1, 1, 1, 1, 1, 1, 1, 1, 1, 1, 1, 1]	[1, 2, 3, 5, 7, 8, 10, 14, 30, 46, 54, 62, 70, 78, 86, 94]	None	None
ISP_NR_FILTER_ATTR_S.stAuto.NpLowOffsetGr	[1, 1, 1, 1, 1, 1, 1, 1, 1, 1, 1, 1, 1, 1, 1, 1]	[1, 2, 3, 5, 7, 8, 10, 14, 30, 46, 54, 62, 70, 78, 86, 94]	None	None
ISP_NR_FILTER_ATTR_S.stAuto.NpLowOffsetR	[1, 1, 1, 1, 1, 1, 1, 1, 1, 1, 1, 1, 1, 1, 1, 1]	[1, 2, 3, 5, 7, 8, 10, 14, 30, 46, 54, 62, 70, 78, 86, 94]	None	None
ISP_NR_FILTER_ATTR_S.stAuto.NpLumaThrB	[0, 0, 0, 0, 0, 0, 0, 0, 0, 0, 0, 0, 0, 0, 0, 0]	[0, 0, 0, 0, 8, 8, 8, 8, 8, 8, 8, 8, 8, 8, 8, 8]	None	None
ISP_NR_FILTER_ATTR_S.stAuto.NpLumaThrGb	[0, 0, 0, 0, 0, 0, 0, 0, 0, 0, 0, 0, 0, 0, 0, 0]	[0, 0, 0, 0, 8, 8, 8, 8, 8, 8, 8, 8, 8, 8, 8, 8]	None	None
ISP_NR_FILTER_ATTR_S.stAuto.NpLumaThrGr	[0, 0, 0, 0, 0, 0, 0, 0, 0, 0, 0, 0, 0, 0, 0, 0]	[0, 0, 0, 0, 8, 8, 8, 8, 8, 8, 8, 8, 8, 8, 8, 8]	None	None
ISP_NR_FILTER_ATTR_S.stAuto.NpLumaThrR	[0, 0, 0, 0, 0, 0, 0, 0, 0, 0, 0, 0, 0, 0, 0, 0]	[0, 0, 0, 0, 8, 8, 8, 8, 8, 8, 8, 8, 8, 8, 8, 8]	None	None
ISP_NR_FILTER_ATTR_S.stAuto.NpSlopeB	[7, 7, 7, 7, 7, 7, 7, 7, 7, 7, 7, 7, 7, 7, 7, 7]	[7, 9, 10, 11, 20, 28, 36, 52, 68, 100, 132, 164, 196, 228, 260, 260]	None	None
ISP_NR_FILTER_ATTR_S.stAuto.NpSlopeGb	[7, 7, 7, 7, 7, 7, 7, 7, 7, 7, 7, 7, 7, 7, 7, 7]	[7, 9, 10, 11, 20, 28, 36, 52, 68, 100, 132, 164, 196, 228, 260, 260]	None	None
ISP_NR_FILTER_ATTR_S.stAuto.NpSlopeGr	[7, 7, 7, 7, 7, 7, 7, 7, 7, 7, 7, 7, 7, 7, 7, 7]	[7, 9, 10, 11, 20, 28, 36, 52, 68, 100, 132, 164, 196, 228, 260, 260]	None	None
ISP_NR_FILTER_ATTR_S.stAuto.NpSlopeR	[7, 7, 7, 7, 7, 7, 7, 7, 7, 7, 7, 7, 7, 7, 7, 7]	[7, 9, 10, 11, 20, 28, 36, 52, 68, 100, 132, 164, 196, 228, 260, 260]	None	None
ISP_PRESHARPEN_ATTR_S.stAuto.DeltaAdpGain	[44, 44, 44, 44, 44, 44, 44, 44, 44, 44, 44, 44, 44, 44, 44, 44, 40, 40, 40, 40, 40, 40, 40, 40, 40, 40, 40, 40, 40, 40, 40, 40, 36, 36, 36, 36, 36, 36, 36, 36, 36, 36, 36, 36, 36, 36, 36, 36, 32, 32, 32, 32, 32, 32, 32, 32, 32, 32, 32, 32, 32, 32, 32, 32, 28, 28, 28, 28, 28, 28, 28, 28, 28, 28, 28, 28, 28, 28, 28, 28, 24, 24, 24, 24, 24, 24, 24, 24, 24, 24, 24, 24, 24, 24, 24, 24, 20, 20, 20, 20, 20, 20, 20, 20, 20, 20, 20, 20, 20, 20, 20, 20, 16, 16, 16, 16, 16, 16, 16, 16, 16, 16, 16, 16, 16, 16, 16, 16, 12, 12, 12, 12, 12, 12, 12, 12, 12, 12, 12, 12, 12, 12, 12, 12, 10, 10, 10, 10, 10, 10, 10, 10, 10, 10, 10, 10, 10, 10, 10, 10, 8, 8, 8, 8, 8, 8, 8, 8, 8, 8, 8, 8, 8, 8, 8, 8, 6, 6, 6, 6, 6, 6, 6, 6, 6, 6, 6, 6, 6, 6, 6, 6, 4, 4, 4, 4, 4, 4, 4, 4, 4, 4, 4, 4, 4, 4, 4, 4, 4, 4, 4, 4, 4, 4, 4, 4, 4, 4, 4, 4, 4, 4, 4, 4, 4, 4, 4, 4, 4, 4, 4, 4, 4, 4, 4, 4, 4, 4, 4, 4, 4, 4, 4, 4, 4, 4, 4, 4, 4, 4, 4, 4, 4, 4, 4, 4, 4, 4, 4, 4, 4, 4, 4, 4, 4, 4, 4, 4, 4, 4, 4, 4, 4, 4, 4, 4, 4, 4, 4, 4, 4, 4, 4, 4, 4, 4, 4, 4, 4, 4, 4, 4, 4, 4, 4, 4, 4, 4, 4, 4, 4, 4, 4, 4, 4, 4, 4, 4, 4, 4, 4, 4, 4, 4, 4, 4, 4, 4, 4, 4, 4, 4, 4, 4, 4, 4, 4, 4, 4, 4, 4, 4, 4, 4, 4, 4, 4, 4, 4, 4, 4, 4, 4, 4, 4, 4, 4, 4, 4, 4, 4, 4, 4, 4, 4, 4, 4, 4, 4, 4, 4, 4, 4, 4, 4, 4, 4, 4, 4, 4, 4, 4, 4, 4, 4, 4, 4, 4, 4, 4, 4, 4, 4, 4, 4, 4, 4, 4, 4, 4, 4, 4, 4, 4, 4, 4, 4, 4, 4, 4, 4, 4, 4, 4, 4, 4, 4, 4, 4, 4, 4, 4, 4, 4, 4, 4, 4, 4, 4, 4, 4, 4, 4, 4, 4, 4, 4, 4, 4, 4, 4, 4, 4, 4, 4, 4, 4, 4, 4, 4, 4, 4, 4, 4, 4, 4, 4, 4, 4, 4, 4, 4, 4, 4, 4, 4, 4, 4, 4, 4, 4, 4, 4, 4, 4, 4, 4, 4, 4, 4, 4, 4, 4, 4, 4, 4, 4, 4, 4, 4, 4, 4, 4, 4, 4, 4, 4, 4, 4, 4, 4, 4, 4, 4, 4, 4, 4, 4, 4, 4, 4, 4, 4, 4, 4, 4, 4, 4, 4, 4, 4, 4, 4, 4, 4, 4, 4, 4, 4, 4, 4, 4, 4, 4, 4, 4, 4, 4]	[60, 60, 60, 60, 60, 60, 60, 60, 60, 60, 60, 60, 60, 60, 60, 60, 56, 56, 56, 56, 56, 56, 56, 56, 56, 56, 56, 56, 56, 56, 56, 56, 52, 52, 52, 52, 52, 52, 52, 52, 52, 52, 52, 52, 52, 52, 52, 52, 48, 48, 48, 48, 48, 48, 48, 48, 48, 48, 48, 48, 48, 48, 48, 48, 44, 44, 44, 44, 44, 44, 44, 44, 44, 44, 44, 44, 44, 44, 44, 44, 40, 40, 40, 40, 40, 40, 40, 40, 40, 40, 40, 40, 40, 40, 40, 40, 38, 38, 38, 38, 38, 38, 38, 38, 38, 38, 38, 38, 38, 38, 38, 38, 36, 36, 36, 36, 36, 36, 36, 36, 36, 36, 36, 36, 36, 36, 36, 36, 34, 34, 34, 34, 34, 34, 34, 34, 34, 34, 34, 34, 34, 34, 34, 34, 32, 32, 32, 32, 32, 32, 32, 32, 32, 32, 32, 32, 32, 32, 32, 32, 30, 30, 30, 30, 30, 30, 30, 30, 30, 30, 30, 30, 30, 30, 30, 30, 28, 28, 28, 28, 28, 28, 28, 28, 28, 28, 28, 28, 28, 28, 28, 28, 26, 26, 26, 26, 26, 26, 26, 26, 26, 26, 26, 26, 26, 26, 26, 26, 25, 25, 25, 25, 25, 25, 25, 25, 25, 25, 25, 25, 25, 25, 25, 25, 24, 24, 24, 24, 24, 24, 24, 24, 24, 24, 24, 24, 24, 24, 24, 24, 23, 23, 23, 23, 23, 23, 23, 23, 23, 23, 23, 23, 23, 23, 23, 23, 22, 22, 22, 22, 22, 22, 22, 22, 22, 22, 22, 22, 22, 22, 22, 22, 21, 21, 21, 21, 21, 21, 21, 21, 21, 21, 21, 21, 21, 21, 21, 21, 20, 20, 20, 20, 20, 20, 20, 20, 20, 20, 20, 20, 20, 20, 20, 20, 19, 19, 19, 19, 19, 19, 19, 19, 19, 19, 19, 19, 19, 19, 19, 19, 18, 18, 18, 18, 18, 18, 18, 18, 18, 18, 18, 18, 18, 18, 18, 18, 17, 17, 17, 17, 17, 17, 17, 17, 17, 17, 17, 17, 17, 17, 17, 17, 16, 16, 16, 16, 16, 16, 16, 16, 16, 16, 16, 16, 16, 16, 16, 16, 16, 16, 16, 16, 16, 16, 16, 16, 16, 16, 16, 16, 16, 16, 16, 16, 16, 16, 16, 16, 16, 16, 16, 16, 16, 16, 16, 16, 16, 16, 16, 16, 16, 16, 16, 16, 16, 16, 16, 16, 16, 16, 16, 16, 16, 16, 16, 16, 16, 16, 16, 16, 16, 16, 16, 16, 16, 16, 16, 16, 16, 16, 16, 16, 16, 16, 16, 16, 16, 16, 16, 16, 16, 16, 16, 16, 16, 16, 16, 16, 16, 16, 16, 16, 16, 16, 16, 16, 16, 16, 16, 16, 16, 16, 16, 16, 16, 16, 16, 16, 16, 16, 16, 16, 16, 16, 16, 16, 16, 16, 16, 16, 16, 16, 16, 16, 16, 16, 16, 16, 16, 16, 16, 16, 16, 16, 16, 16, 16, 16, 16, 16, 16, 16, 16, 16, 16, 16, 16, 16, 16, 16, 16, 16, 16, 16, 16, 16, 16, 16, 16, 16, 16, 16, 16, 16, 16, 16, 16, 16]	None	None
ISP_PRESHARPEN_ATTR_S.stAuto.GlobalGain	[142, 142, 142, 142, 142, 142, 142, 142, 142, 142, 142, 142, 142, 142, 142, 142]	[32, 32, 32, 32, 32, 32, 32, 32, 32, 32, 32, 32, 32, 32, 32, 32]	None	None
ISP_PRESHARPEN_ATTR_S.stAuto.HFBlendWgt	[96, 96, 96, 96, 96, 96, 96, 96, 96, 96, 96, 96, 96, 96, 96, 96]	[128, 128, 128, 128, 128, 128, 128, 128, 128, 128, 128, 128, 128, 128, 128, 128]	None	None
ISP_PRESHARPEN_ATTR_S.stAuto.HueShtCtrl	[16, 16, 16, 16, 16, 16, 16, 16, 16, 16, 16, 16, 16, 16, 16, 16, 16, 16, 16, 16, 16, 16, 16, 16, 16, 16, 16, 16, 16, 16, 16, 16, 16, 16, 16, 16, 16, 16, 16, 16, 16, 16, 16, 16, 16, 16, 16, 16, 16, 16, 16, 16, 16, 16, 16, 16, 16, 16, 16, 16, 16, 16, 16, 16, 16, 16, 16, 16, 16, 16, 16, 16, 16, 16, 16, 16, 16, 16, 16, 16, 16, 16, 16, 16, 16, 16, 16, 16, 16, 16, 16, 16, 16, 16, 16, 16, 16, 16, 16, 16, 16, 16, 16, 16, 16, 16, 16, 16, 16, 16, 16, 16, 16, 16, 16, 16, 16, 16, 16, 16, 16, 16, 16, 16, 16, 16, 16, 16, 16, 16, 16, 16, 16, 16, 16, 16, 16, 16, 16, 16, 16, 16, 16, 16, 16, 16, 16, 16, 16, 16, 16, 16, 16, 16, 16, 16, 16, 16, 16, 16, 16, 16, 16, 16, 16, 16, 16, 16, 16, 16, 16, 16, 16, 16, 16, 16, 16, 16, 16, 16, 16, 16, 16, 16, 16, 16, 16, 16, 16, 16, 16, 16, 16, 16, 16, 16, 16, 16, 16, 16, 16, 16, 16, 16, 16, 16, 16, 16, 16, 16, 16, 16, 16, 16, 16, 16, 16, 16, 16, 16, 16, 16, 16, 16, 16, 16, 16, 16, 16, 16, 16, 16, 16, 16, 16, 16, 16, 16, 16, 16, 16, 16, 16, 16, 16, 16, 16, 16, 16, 16, 16, 16, 16, 16, 16, 16, 16, 16, 16, 16, 16, 16, 16, 16, 16, 16, 16, 16, 16, 16, 16, 16, 16, 16, 16, 16, 16, 16, 16, 16, 16, 16, 16, 16, 16, 16, 16, 16, 16, 16, 16, 16, 16, 16, 16, 16, 16, 16, 16, 16, 16, 16, 16, 16, 16, 16, 16, 16, 16, 16, 16, 16, 16, 16, 16, 16, 16, 16, 16, 16, 16, 16, 16, 16, 16, 16, 16, 16, 16, 16, 16, 16, 16, 16, 16, 16, 16, 16, 16, 16, 16, 16, 16, 16, 16, 16, 16, 16, 16, 16, 16, 16, 16, 16, 16, 16, 16, 16, 16, 16, 16, 16, 16, 16, 16, 16, 16, 16, 16, 16, 16, 16, 16, 16, 16, 16, 16, 16, 16, 16, 16, 16, 16, 16, 16, 16, 16, 16, 16, 16, 16, 16, 16, 16, 16, 16, 16, 16, 16, 16, 16, 16, 16, 16, 16, 16, 16, 16, 16, 16, 16, 16, 16, 16, 16, 16, 16, 16, 16, 16, 16, 16, 16, 16, 16, 16, 16, 16, 16, 16, 16, 16, 16, 16, 16, 16, 16, 16, 16, 16, 16, 16, 16, 16, 16, 16, 16, 16, 16, 16, 16, 16, 16, 16, 16, 16, 16, 16, 16, 16, 16, 16, 16, 16, 16, 16, 16, 16, 16, 16, 16, 16, 16, 16, 16, 16, 16, 16, 16, 16, 16, 16, 16, 16, 16, 16, 16, 16, 16, 16, 16, 16, 16, 16, 16, 16, 16, 16, 16, 16, 16, 16, 16, 16, 16, 16, 16, 16, 16, 16, 16, 16, 16, 16, 16, 16, 16, 16, 16, 16, 16, 16, 16, 16, 16, 16, 16, 16]	[16, 16, 16, 16, 16, 16, 16, 16, 16, 16, 16, 16, 16, 16, 16, 16, 16, 16, 16, 16, 16, 16, 16, 16, 16, 16, 16, 16, 16, 16, 16, 16, 16, 16, 16, 16, 16, 16, 16, 16, 16, 16, 16, 16, 16, 16, 16, 16, 16, 16, 16, 16, 16, 16, 16, 16, 16, 16, 16, 16, 16, 16, 16, 16, 16, 16, 16, 16, 16, 16, 16, 16, 16, 16, 16, 16, 16, 16, 16, 16, 16, 16, 16, 16, 16, 16, 16, 16, 16, 16, 16, 16, 16, 16, 16, 16, 16, 16, 16, 16, 16, 16, 16, 16, 16, 16, 16, 16, 16, 16, 16, 16, 16, 16, 16, 16, 16, 16, 16, 16, 16, 16, 16, 16, 16, 16, 16, 16, 16, 16, 16, 16, 16, 16, 16, 16, 16, 16, 16, 16, 16, 16, 16, 16, 16, 16, 16, 16, 16, 16, 16, 16, 16, 16, 16, 16, 16, 16, 16, 16, 16, 16, 16, 16, 16, 16, 16, 16, 16, 16, 16, 16, 16, 16, 16, 16, 16, 16, 16, 16, 16, 16, 16, 16, 16, 16, 16, 16, 16, 16, 16, 16, 16, 16, 16, 16, 16, 16, 16, 16, 16, 16, 16, 16, 16, 16, 16, 16, 16, 16, 16, 16, 16, 16, 16, 16, 16, 16, 16, 16, 16, 16, 16, 16, 16, 16, 16, 16, 16, 16, 16, 16, 16, 16, 16, 16, 16, 16, 16, 16, 16, 16, 16, 16, 16, 16, 16, 16, 16, 16, 16, 16, 16, 16, 16, 16, 20, 20, 20, 20, 20, 20, 20, 20, 20, 20, 20, 20, 20, 20, 20, 20, 24, 24, 24, 24, 24, 24, 24, 24, 24, 24, 24, 24, 24, 24, 24, 24, 28, 28, 28, 28, 28, 28, 28, 28, 28, 28, 28, 28, 28, 28, 28, 28, 30, 30, 30, 30, 30, 30, 30, 30, 30, 30, 30, 30, 30, 30, 30, 30, 32, 32, 32, 32, 32, 32, 32, 32, 32, 32, 32, 32, 32, 32, 32, 32, 30, 30, 30, 30, 30, 30, 30, 30, 30, 30, 30, 30, 30, 30, 30, 30, 38, 38, 38, 38, 38, 38, 38, 38, 38, 38, 38, 38, 38, 38, 38, 38, 24, 24, 24, 24, 24, 24, 24, 24, 24, 24, 24, 24, 24, 24, 24, 24, 20, 20, 20, 20, 20, 20, 20, 20, 20, 20, 20, 20, 20, 20, 20, 20, 16, 16, 16, 16, 16, 16, 16, 16, 16, 16, 16, 16, 16, 16, 16, 16, 16, 16, 16, 16, 16, 16, 16, 16, 16, 16, 16, 16, 16, 16, 16, 16, 16, 16, 16, 16, 16, 16, 16, 16, 16, 16, 16, 16, 16, 16, 16, 16, 16, 16, 16, 16, 16, 16, 16, 16, 16, 16, 16, 16, 16, 16, 16, 16, 16, 16, 16, 16, 16, 16, 16, 16, 16, 16, 16, 16, 16, 16, 16, 16, 16, 16, 16, 16, 16, 16, 16, 16, 16, 16, 16, 16, 16, 16, 16, 16, 16, 16, 16, 16, 16, 16, 16, 16, 16, 16, 16, 16, 16, 16, 16, 16, 16, 16, 16, 16, 16, 16, 16, 16, 16, 16, 16, 16, 16, 16, 16, 16]	None	None
ISP_PRESHARPEN_ATTR_S.stAuto.LumaCorLutIn	[0, 0, 0, 0, 0, 0, 0, 0, 0, 0, 0, 0, 0, 0, 0, 0, 48, 48, 48, 48, 48, 48, 48, 48, 48, 48, 48, 48, 48, 48, 48, 48, 96, 96, 96, 96, 96, 96, 96, 96, 96, 96, 96, 96, 96, 96, 96, 96, 200, 200, 200, 200, 200, 200, 200, 200, 200, 200, 200, 200, 200, 200, 200, 200]	[0, 0, 0, 0, 0, 0, 0, 0, 0, 0, 0, 0, 0, 0, 0, 0, 64, 64, 64, 64, 64, 64, 64, 64, 64, 64, 64, 64, 64, 64, 64, 64, 128, 128, 128, 128, 128, 128, 128, 128, 128, 128, 128, 128, 128, 128, 128, 128, 192, 192, 192, 192, 192, 192, 192, 192, 192, 192, 192, 192, 192, 192, 192, 192]	None	None
ISP_PRESHARPEN_ATTR_S.stAuto.LumaCorLutOut	[0, 0, 0, 0, 0, 0, 0, 0, 0, 0, 0, 0, 0, 0, 0, 0, 0, 0, 0, 0, 0, 0, 0, 0, 0, 0, 0, 0, 0, 0, 0, 0, 0, 0, 0, 0, 0, 0, 0, 0, 0, 0, 0, 0, 0, 0, 0, 0, 0, 0, 0, 0, 0, 0, 0, 0, 0, 0, 0, 0, 0, 0, 0, 0]	[1, 1, 1, 1, 1, 1, 1, 1, 1, 1, 1, 1, 1, 1, 1, 1, 1, 1, 1, 1, 1, 1, 1, 1, 1, 1, 1, 1, 1, 1, 1, 1, 1, 1, 1, 1, 1, 1, 1, 1, 1, 1, 1, 1, 1, 1, 1, 1, 1, 1, 1, 1, 1, 1, 1, 1, 1, 1, 1, 1, 1, 1, 1, 1]	None	None
ISP_PRESHARPEN_ATTR_S.stAuto.MFBlendWgt	[232, 232, 232, 232, 232, 232, 232, 232, 232, 232, 232, 232, 232, 232, 232, 232]	[128, 128, 128, 128, 128, 128, 128, 128, 128, 128, 128, 128, 128, 128, 128, 128]	None	None
ISP_PRESHARPEN_ATTR_S.stAuto.MotionCorLutIn	[0, 0, 0, 0, 0, 0, 0, 0, 0, 0, 0, 0, 0, 0, 0, 0, 48, 48, 48, 48, 48, 48, 48, 48, 48, 48, 48, 48, 48, 48, 48, 48, 96, 96, 96, 96, 96, 96, 96, 96, 96, 96, 96, 96, 96, 96, 96, 96, 200, 200, 200, 200, 200, 200, 200, 200, 200, 200, 200, 200, 200, 200, 200, 200]	[0, 0, 0, 0, 0, 0, 0, 0, 0, 0, 0, 0, 0, 0, 0, 0, 64, 64, 64, 64, 64, 64, 64, 64, 64, 64, 64, 64, 64, 64, 64, 64, 128, 128, 128, 128, 128, 128, 128, 128, 128, 128, 128, 128, 128, 128, 128, 128, 192, 192, 192, 192, 192, 192, 192, 192, 192, 192, 192, 192, 192, 192, 192, 192]	None	None
ISP_PRESHARPEN_ATTR_S.stAuto.MotionCorWgtLutIn	[0, 0, 0, 0, 0, 0, 0, 0, 0, 0, 0, 0, 0, 0, 0, 0, 3, 8, 8, 12, 14, 20, 20, 22, 35, 44, 56, 56, 56, 56, 56, 56, 10, 16, 16, 18, 24, 36, 36, 48, 52, 62, 64, 64, 64, 64, 64, 64, 14, 32, 32, 36, 48, 72, 72, 96, 96, 92, 92, 92, 92, 92, 92, 92]	[0, 0, 0, 0, 0, 0, 0, 0, 0, 0, 0, 0, 0, 0, 0, 0, 64, 64, 64, 64, 64, 64, 64, 64, 64, 64, 64, 64, 64, 64, 64, 64, 128, 128, 128, 128, 128, 128, 128, 128, 128, 128, 128, 128, 128, 128, 128, 128, 255, 255, 255, 255, 255, 255, 255, 255, 255, 255, 255, 255, 255, 255, 255, 255]	None	None
ISP_PRESHARPEN_ATTR_S.stAuto.MotionCorWgtLutOut	[0, 0, 0, 0, 0, 0, 0, 0, 0, 0, 0, 0, 0, 0, 0, 0, 8, 8, 8, 8, 8, 8, 8, 8, 8, 8, 8, 8, 8, 8, 8, 8, 64, 64, 64, 64, 64, 64, 64, 64, 64, 64, 64, 64, 64, 64, 64, 64, 128, 128, 128, 128, 128, 128, 128, 128, 128, 128, 128, 128, 128, 128, 128, 128]	[0, 0, 0, 0, 0, 0, 0, 0, 0, 0, 0, 0, 0, 0, 0, 0, 32, 32, 32, 32, 32, 32, 32, 32, 32, 32, 32, 32, 32, 32, 32, 32, 64, 64, 64, 64, 64, 64, 64, 64, 64, 64, 64, 64, 64, 64, 64, 64, 128, 128, 128, 128, 128, 128, 128, 128, 128, 128, 128, 128, 128, 128, 128, 128]	None	None
ISP_PRESHARPEN_ATTR_S.stAuto.MotionShtGainIn	[0, 0, 0, 0, 0, 0, 0, 0, 0, 0, 0, 0, 0, 0, 0, 0, 3, 3, 3, 3, 3, 3, 3, 3, 3, 3, 3, 3, 3, 3, 3, 3, 10, 10, 10, 10, 10, 10, 10, 10, 10, 10, 10, 10, 10, 10, 10, 10, 14, 14, 14, 14, 14, 14, 14, 14, 14, 14, 14, 14, 14, 14, 14, 14]	[0, 0, 0, 0, 0, 0, 0, 0, 0, 0, 0, 0, 0, 0, 0, 0, 64, 64, 64, 64, 64, 64, 64, 64, 64, 64, 64, 64, 64, 64, 64, 64, 128, 128, 128, 128, 128, 128, 128, 128, 128, 128, 128, 128, 128, 128, 128, 128, 192, 192, 192, 192, 192, 192, 192, 192, 192, 192, 192, 192, 192, 192, 192, 192]	None	None
ISP_PRESHARPEN_ATTR_S.stAuto.MotionShtGainOut	[128, 128, 128, 128, 128, 128, 128, 128, 128, 128, 128, 128, 128, 128, 128, 128, 128, 128, 128, 128, 128, 128, 128, 128, 128, 128, 128, 128, 128, 128, 128, 128, 120, 120, 120, 120, 120, 120, 120, 120, 120, 120, 120, 120, 120, 120, 120, 120, 112, 112, 112, 112, 112, 112, 112, 112, 112, 112, 112, 112, 112, 112, 112, 112]	[128, 128, 128, 128, 128, 128, 128, 128, 128, 128, 128, 128, 128, 128, 128, 128, 128, 128, 128, 128, 128, 128, 128, 128, 128, 128, 128, 128, 128, 128, 128, 128, 128, 128, 128, 128, 128, 128, 128, 128, 128, 128, 128, 128, 128, 128, 128, 128, 128, 128, 128, 128, 128, 128, 128, 128, 128, 128, 128, 128, 128, 128, 128, 128]	None	None
ISP_PRESHARPEN_ATTR_S.stAuto.OverShootGain	[8, 8, 8, 8, 8, 8, 8, 8, 8, 8, 8, 8, 8, 8, 8, 8]	[4, 4, 4, 4, 4, 4, 4, 4, 4, 4, 4, 4, 4, 4, 4, 4]	None	None
ISP_PRESHARPEN_ATTR_S.stAuto.OverShootThr	[20, 20, 20, 20, 20, 20, 20, 20, 20, 20, 20, 20, 20, 20, 20, 20]	[32, 32, 32, 32, 32, 32, 32, 32, 32, 32, 32, 32, 32, 32, 32, 32]	None	None
ISP_PRESHARPEN_ATTR_S.stAuto.SatShtGainIn	[0, 0, 0, 0, 0, 0, 0, 0, 0, 0, 0, 0, 0, 0, 0, 0, 8, 8, 8, 8, 4, 4, 4, 4, 4, 4, 4, 4, 4, 4, 4, 8, 16, 16, 16, 16, 12, 8, 8, 8, 8, 8, 8, 8, 8, 8, 8, 16, 192, 192, 192, 192, 192, 192, 192, 192, 192, 192, 192, 192, 192, 192, 192, 192]	[0, 0, 0, 0, 0, 0, 0, 0, 0, 0, 0, 0, 0, 0, 0, 0, 8, 8, 8, 8, 8, 8, 8, 8, 8, 8, 8, 8, 8, 8, 8, 8, 16, 16, 16, 16, 16, 16, 16, 16, 16, 16, 16, 16, 16, 16, 16, 16, 192, 192, 192, 192, 192, 192, 192, 192, 192, 192, 192, 192, 192, 192, 192, 192]	None	None
ISP_PRESHARPEN_ATTR_S.stAuto.SatShtGainOut	[0, 0, 0, 0, 0, 0, 0, 0, 0, 0, 0, 0, 0, 0, 0, 0, 64, 64, 64, 64, 64, 64, 64, 64, 64, 64, 64, 64, 64, 64, 64, 64, 128, 128, 128, 128, 128, 128, 128, 128, 128, 128, 128, 128, 128, 128, 128, 128, 128, 128, 128, 128, 128, 128, 128, 128, 128, 128, 128, 128, 128, 128, 128, 128]	[0, 0, 0, 0, 0, 0, 0, 0, 0, 0, 0, 0, 0, 0, 0, 0, 0, 0, 0, 0, 0, 0, 0, 0, 0, 0, 0, 0, 0, 0, 0, 0, 128, 128, 128, 128, 128, 128, 128, 128, 128, 128, 128, 128, 128, 128, 128, 128, 128, 128, 128, 128, 128, 128, 128, 128, 128, 128, 128, 128, 128, 128, 128, 128]	None	None
ISP_PRESHARPEN_ATTR_S.stAuto.UnderShootGain	[16, 16, 16, 16, 16, 16, 16, 16, 16, 16, 16, 16, 16, 16, 16, 16]	[4, 4, 4, 4, 4, 4, 4, 4, 4, 4, 4, 4, 4, 4, 4, 4]	None	None
ISP_PRESHARPEN_ATTR_S.stAuto.UnderShootThr	[16, 16, 16, 16, 16, 16, 16, 16, 16, 16, 16, 16, 16, 16, 16, 16]	[32, 32, 32, 32, 32, 32, 32, 32, 32, 32, 32, 32, 32, 32, 32, 32]	None	None
ISP_PRESHARPEN_ATTR_S.stManual.DeltaAdpGain	[0, 0, 0, 0, 0, 0, 0, 0, 0, 0, 0, 0, 0, 0, 0, 0, 0, 0, 0, 0, 0, 0, 0, 0, 0, 0, 0, 0, 0, 0, 0, 0, 0]	[60, 56, 52, 48, 44, 40, 38, 36, 34, 32, 30, 28, 26, 25, 24, 23, 22, 21, 20, 19, 18, 17, 16, 16, 16, 16, 16, 16, 16, 16, 16, 16, 16]	None	None
ISP_PRESHARPEN_ATTR_S.stManual.HueShtCtrl	[16, 16, 16, 16, 16, 16, 16, 16, 16, 16, 16, 16, 16, 16, 16, 16, 16, 16, 16, 16, 16, 16, 16, 16, 12, 8, 4, 0, 4, 8, 12, 16, 16]	[16, 16, 16, 16, 16, 16, 16, 16, 16, 16, 16, 16, 16, 16, 16, 16, 20, 24, 28, 30, 32, 30, 38, 24, 20, 16, 16, 16, 16, 16, 16, 16, 16]	None	None
ISP_PRESHARPEN_ATTR_S.stManual.LumaCorLutIn	[0, 24, 120, 200]	[0, 64, 128, 192]	None	None
ISP_PRESHARPEN_ATTR_S.stManual.LumaCorLutOut	[48, 40, 32, 16]	[1, 1, 1, 1]	None	None
ISP_PRESHARPEN_ATTR_S.stManual.MotionCorLutIn	[0, 24, 120, 200]	[0, 64, 128, 192]	None	None
ISP_PRESHARPEN_ATTR_S.stManual.MotionCorLutOut	[96, 96, 96, 96]	[8, 8, 8, 8]	None	None
ISP_PRESHARPEN_ATTR_S.stManual.MotionCorWgtLutIn	[0, 12, 43, 76]	[0, 64, 128, 255]	None	None
ISP_PRESHARPEN_ATTR_S.stManual.MotionCorWgtLutOut	[0, 6, 18, 128]	[0, 32, 64, 128]	None	None
ISP_PRESHARPEN_ATTR_S.stManual.MotionShtGainIn	[0, 12, 43, 76]	[0, 64, 128, 192]	None	None
ISP_PRESHARPEN_ATTR_S.stManual.MotionShtGainOut	[128, 128, 112, 88]	[128, 128, 128, 128]	None	None
ISP_PRESHARPEN_ATTR_S.stManual.SatShtGainOut	[0, 64, 128, 128]	[0, 0, 128, 128]	None	None
ISP_SHARPEN_ATTR_S.stAuto.GlobalGain	[32, 32, 32, 32, 32, 32, 32, 32, 32, 32, 32, 32, 32, 32, 32, 32]	[32, 32, 32, 32, 48, 64, 80, 96, 96, 96, 96, 96, 96, 96, 96, 96]	None	None
ISP_SHARPEN_ATTR_S.stAuto.HFBlendWgt	[64, 64, 64, 64, 64, 64, 64, 64, 64, 64, 64, 64, 64, 64, 64, 64]	[64, 64, 64, 64, 64, 64, 64, 56, 48, 32, 16, 0, 0, 0, 0, 0]	None	None
ISP_SHARPEN_ATTR_S.stAuto.LumaAdpGain	[16, 16, 16, 16, 16, 16, 16, 16, 16, 16, 16, 16, 16, 16, 16, 16, 16, 16, 16, 16, 16, 16, 16, 16, 16, 16, 16, 16, 16, 16, 16, 16, 16, 16, 16, 16, 16, 16, 16, 16, 16, 16, 16, 16, 16, 16, 16, 16, 16, 16, 16, 16, 16, 16, 16, 16, 16, 16, 16, 16, 16, 16, 16, 16, 16, 16, 16, 16, 16, 16, 16, 16, 16, 16, 16, 16, 16, 16, 16, 16, 16, 16, 16, 16, 16, 16, 16, 16, 16, 16, 16, 16, 16, 16, 16, 16, 16, 16, 16, 16, 16, 16, 16, 16, 16, 16, 16, 16, 16, 16, 16, 16, 16, 16, 16, 16, 16, 16, 16, 16, 16, 16, 16, 16, 16, 16, 16, 16, 16, 16, 16, 16, 16, 16, 16, 16, 16, 16, 16, 16, 16, 16, 16, 16, 16, 16, 16, 16, 16, 16, 16, 16, 16, 16, 16, 16, 16, 16, 16, 16, 16, 16, 16, 16, 16, 16, 16, 16, 16, 16, 16, 16, 16, 16, 16, 16, 16, 16, 16, 16, 16, 16, 16, 16, 16, 16, 16, 16, 16, 16, 16, 16, 16, 16, 16, 16, 16, 16, 16, 16, 16, 16, 16, 16, 16, 16, 16, 16, 16, 16, 16, 16, 16, 16, 16, 16, 16, 16, 16, 16, 16, 16, 16, 16, 16, 16, 16, 16, 16, 16, 16, 16, 16, 16, 16, 16, 16, 16, 16, 16, 16, 16, 16, 16, 16, 16, 16, 16, 16, 16, 16, 16, 16, 16, 16, 16, 16, 16, 16, 16, 16, 16, 16, 16, 16, 16, 16, 16, 16, 16, 16, 16, 16, 16, 16, 16, 16, 16, 16, 16, 16, 16, 16, 16, 16, 16, 16, 16, 16, 16, 16, 16, 16, 16, 16, 16, 16, 16, 16, 16, 16, 16, 16, 16, 16, 16, 16, 16, 16, 16, 16, 16, 16, 16, 16, 16, 16, 16, 16, 16, 16, 16, 16, 16, 16, 16, 16, 16, 16, 16, 16, 16, 16, 16, 16, 16, 16, 16, 16, 16, 16, 16, 16, 16, 16, 16, 16, 16, 16, 16, 16, 16, 16, 16, 16, 16, 16, 16, 16, 16, 16, 16, 16, 16, 16, 16, 16, 16, 16, 16, 16, 16, 16, 16, 16, 16, 16, 16, 16, 16, 16, 16, 16, 16, 16, 16, 16, 16, 16, 16, 16, 16, 16, 16, 16, 16, 16, 16, 16, 16, 16, 16, 16, 16, 16, 16, 16, 16, 16, 16, 16, 16, 16, 16, 16, 16, 16, 16, 16, 16, 16, 16, 16, 16, 16, 16, 16, 16, 16, 16, 16, 16, 16, 16, 16, 16, 16, 16, 16, 16, 16, 16, 16, 16, 16, 16, 16, 16, 16, 16, 16, 16, 16, 16, 16, 16, 16, 16, 16, 16, 16, 16, 16, 16, 16, 16, 16, 16, 16, 16, 16, 16, 16, 16, 16, 16, 16, 16, 16, 16, 16, 16, 16, 16, 16, 16, 16, 16, 16, 16, 16, 16, 16, 16, 16, 16, 16, 16, 16, 16, 16, 16, 16, 16, 16, 16, 16, 16, 16, 16, 16, 16, 16, 16, 16, 16, 16, 16, 16, 16, 16, 16, 16, 16, 16, 16, 16, 16]	[16, 16, 16, 16, 16, 16, 16, 16, 16, 16, 16, 16, 16, 16, 16, 16, 16, 16, 16, 16, 16, 16, 16, 16, 16, 16, 16, 16, 16, 16, 16, 16, 16, 16, 16, 16, 16, 16, 16, 16, 16, 16, 16, 16, 16, 16, 16, 16, 16, 16, 16, 16, 16, 16, 16, 16, 16, 16, 16, 16, 16, 16, 16, 16, 16, 16, 16, 16, 16, 16, 16, 16, 16, 16, 16, 16, 16, 16, 16, 16, 16, 16, 16, 16, 16, 16, 16, 16, 16, 16, 16, 16, 16, 16, 16, 16, 16, 16, 16, 16, 16, 16, 16, 16, 16, 16, 16, 16, 16, 16, 16, 16, 16, 16, 16, 16, 16, 16, 16, 16, 16, 16, 16, 16, 16, 16, 16, 16, 16, 16, 16, 16, 16, 16, 16, 16, 16, 16, 16, 16, 16, 16, 16, 16, 16, 16, 16, 16, 16, 16, 16, 16, 16, 16, 16, 16, 16, 16, 16, 16, 16, 16, 16, 16, 16, 16, 16, 16, 16, 16, 16, 16, 16, 16, 16, 16, 16, 16, 16, 16, 16, 16, 16, 16, 16, 16, 16, 16, 16, 16, 16, 16, 16, 16, 16, 16, 16, 16, 16, 16, 16, 16, 16, 16, 16, 16, 16, 16, 16, 16, 16, 16, 16, 16, 16, 16, 16, 16, 16, 16, 16, 16, 16, 16, 16, 16, 16, 16, 16, 16, 16, 16, 16, 16, 16, 16, 16, 16, 16, 16, 16, 16, 16, 16, 16, 16, 16, 16, 16, 16, 16, 16, 16, 16, 16, 16, 16, 16, 16, 16, 16, 16, 16, 16, 16, 16, 16, 16, 16, 16, 16, 16, 16, 16, 16, 16, 16, 16, 16, 16, 16, 16, 16, 16, 16, 16, 16, 16, 16, 16, 16, 16, 16, 16, 16, 16, 16, 16, 16, 16, 16, 16, 16, 16, 16, 16, 16, 16, 16, 16, 16, 16, 16, 16, 16, 16, 16, 16, 16, 16, 16, 16, 16, 16, 16, 16, 16, 16, 16, 16, 16, 16, 16, 16, 16, 16, 16, 16, 16, 16, 16, 16, 16, 16, 16, 16, 16, 16, 16, 16, 16, 16, 16, 16, 16, 16, 16, 16, 16, 16, 16, 16, 16, 16, 16, 16, 16, 16, 16, 16, 16, 16, 16, 16, 16, 16, 16, 16, 16, 16, 16, 16, 16, 16, 16, 16, 16, 16, 16, 16, 16, 16, 20, 20, 20, 20, 20, 20, 20, 20, 16, 16, 16, 16, 16, 16, 20, 20, 24, 24, 24, 24, 24, 24, 24, 24, 16, 16, 16, 16, 20, 20, 24, 24, 32, 32, 32, 32, 32, 32, 32, 32, 16, 16, 16, 16, 20, 20, 24, 24, 32, 32, 32, 32, 32, 32, 32, 32, 16, 16, 16, 16, 20, 20, 24, 24, 32, 32, 32, 32, 32, 32, 32, 32, 16, 16, 16, 16, 20, 20, 24, 24, 32, 32, 32, 32, 32, 32, 32, 32, 16, 16, 16, 16, 20, 20, 24, 24, 32, 32, 32, 32, 32, 32, 32, 32, 16, 16, 16, 16, 20, 20, 24, 24, 32, 32, 32, 32, 32, 32, 32, 32, 16, 16, 16, 16, 20, 20, 24, 24, 32, 32, 32, 32, 32, 32, 32, 32]	None	None
ISP_SHARPEN_ATTR_S.stAuto.LumaCorLutOut	[0, 0, 0, 0, 0, 0, 0, 0, 0, 0, 0, 0, 0, 0, 0, 0, 0, 0, 0, 0, 0, 0, 0, 0, 0, 0, 0, 0, 0, 0, 0, 0, 0, 0, 0, 0, 0, 0, 0, 0, 0, 0, 0, 0, 0, 0, 0, 0, 0, 0, 0, 0, 0, 0, 0, 0, 0, 0, 0, 0, 0, 0, 0, 0]	[0, 8, 8, 8, 16, 24, 32, 40, 48, 56, 56, 56, 56, 56, 56, 56, 0, 8, 8, 8, 16, 24, 32, 40, 48, 56, 56, 56, 56, 56, 56, 56, 0, 8, 8, 8, 16, 24, 32, 40, 48, 56, 56, 56, 56, 56, 56, 56, 0, 0, 0, 0, 0, 8, 32, 32, 40, 48, 48, 48, 48, 48, 48, 48]	None	None
ISP_SHARPEN_ATTR_S.stAuto.MFBlendWgt	[128, 128, 128, 128, 128, 128, 128, 128, 128, 128, 128, 128, 128, 128, 128, 128]	[128, 112, 112, 112, 112, 112, 112, 112, 112, 112, 112, 112, 112, 112, 112, 112]	None	None
ISP_SHARPEN_ATTR_S.stAuto.MotionCorLutOut	[0, 0, 0, 0, 0, 0, 0, 0, 0, 0, 0, 0, 0, 0, 0, 0, 0, 0, 0, 0, 0, 0, 0, 0, 0, 0, 0, 0, 0, 0, 0, 0, 0, 0, 0, 0, 0, 0, 0, 0, 0, 0, 0, 0, 0, 0, 0, 0, 0, 0, 0, 0, 0, 0, 0, 0, 0, 0, 0, 0, 0, 0, 0, 0]	[0, 0, 0, 0, 8, 8, 8, 8, 8, 8, 8, 8, 8, 8, 8, 8, 0, 0, 0, 0, 8, 8, 8, 8, 8, 8, 8, 8, 8, 8, 8, 8, 0, 0, 0, 0, 8, 8, 8, 8, 8, 8, 8, 8, 8, 8, 8, 8, 0, 0, 0, 0, 0, 0, 0, 0, 0, 0, 0, 0, 0, 0, 0, 0]	None	None
ISP_SHARPEN_ATTR_S.stAuto.MotionCorWgtLutOut	[0, 0, 0, 0, 0, 0, 0, 0, 0, 0, 0, 0, 0, 0, 0, 0, 8, 8, 8, 8, 8, 8, 8, 8, 8, 8, 8, 8, 8, 8, 8, 8, 64, 64, 64, 64, 64, 64, 64, 64, 64, 64, 64, 64, 64, 64, 64, 64, 128, 128, 128, 128, 128, 128, 128, 128, 128, 128, 128, 128, 128, 128, 128, 128]	[0, 0, 0, 0, 0, 0, 0, 0, 0, 0, 0, 0, 0, 0, 0, 0, 8, 8, 8, 8, 8, 8, 8, 8, 8, 8, 8, 8, 8, 8, 8, 8, 64, 64, 64, 64, 80, 80, 96, 96, 96, 96, 96, 96, 96, 96, 96, 96, 128, 128, 128, 128, 128, 128, 128, 128, 128, 128, 128, 128, 128, 128, 128, 128]	None	None
ISP_SHARPEN_ATTR_S.stAuto.MotionShtGainIn	[0, 0, 0, 0, 0, 0, 0, 0, 0, 0, 0, 0, 0, 0, 0, 0, 3, 3, 3, 3, 3, 3, 3, 3, 3, 3, 3, 3, 3, 3, 3, 3, 10, 10, 10, 10, 10, 10, 10, 10, 10, 10, 10, 10, 10, 10, 10, 10, 14, 14, 14, 14, 14, 14, 14, 14, 14, 14, 14, 14, 14, 14, 14, 14]	[0, 0, 0, 0, 0, 0, 0, 0, 0, 0, 0, 0, 0, 0, 0, 0, 3, 8, 8, 12, 14, 20, 20, 22, 35, 44, 56, 56, 56, 56, 56, 56, 10, 16, 16, 18, 24, 36, 36, 48, 52, 62, 64, 64, 64, 64, 64, 64, 14, 32, 32, 36, 48, 72, 72, 96, 96, 92, 92, 92, 92, 92, 92, 92]	None	None
ISP_SHARPEN_ATTR_S.stAuto.MotionShtGainOut	[128, 128, 128, 128, 128, 128, 128, 128, 128, 128, 128, 128, 128, 128, 128, 128, 128, 128, 128, 128, 128, 128, 128, 128, 128, 128, 128, 128, 128, 128, 128, 128, 120, 120, 120, 120, 120, 120, 120, 120, 120, 120, 120, 120, 120, 120, 120, 120, 112, 112, 112, 112, 112, 112, 112, 112, 112, 112, 112, 112, 112, 112, 112, 112]	[128, 128, 128, 128, 128, 128, 128, 128, 128, 128, 128, 128, 128, 128, 128, 128, 128, 128, 128, 128, 124, 122, 118, 102, 94, 78, 62, 62, 62, 62, 62, 62, 120, 112, 110, 108, 104, 88, 80, 72, 64, 48, 32, 32, 32, 32, 32, 32, 112, 104, 102, 100, 96, 80, 72, 64, 56, 40, 24, 24, 24, 24, 24, 24]	None	None
ISP_SHARPEN_ATTR_S.stAuto.OverShootGain	[8, 8, 8, 8, 8, 8, 8, 8, 8, 8, 8, 8, 8, 8, 8, 8]	[8, 8, 8, 8, 12, 16, 16, 16, 16, 16, 16, 16, 16, 16, 16, 16]	None	None
ISP_SHARPEN_ATTR_S.stAuto.OverShootThr	[0, 0, 0, 0, 0, 0, 0, 0, 0, 0, 0, 0, 0, 0, 0, 16]	[0, 0, 0, 8, 16, 16, 16, 16, 16, 16, 16, 16, 16, 16, 16, 16]	None	None
ISP_TNR_ATTR_S.stAuto.MtDetectUnit	[3, 3, 3, 3, 3, 3, 3, 3, 3, 3, 3, 3, 3, 3, 3, 3]	[3, 3, 3, 3, 3, 3, 3, 3, 3, 3, 4, 4, 4, 4, 4, 4]	None	None
ISP_TNR_GHOST_ATTR_S.stAuto.PrtctWgt0	[8, 8, 8, 8, 8, 8, 8, 8, 8, 8, 8, 8, 8, 8, 8, 8, 8, 8, 8, 8, 8, 8, 8, 8, 8, 8, 8, 8, 8, 8, 8, 8, 8, 8, 8, 8, 8, 8, 8, 8, 8, 8, 8, 8, 8, 8, 8, 8, 8, 8, 8, 8, 8, 8, 8, 8, 8, 8, 8, 8, 8, 8, 8, 8]	[8, 8, 8, 8, 8, 12, 14, 14, 14, 14, 14, 14, 14, 14, 14, 14, 8, 8, 8, 8, 8, 10, 12, 12, 12, 12, 12, 12, 12, 12, 12, 12, 8, 8, 8, 8, 8, 8, 8, 8, 8, 8, 8, 8, 8, 8, 8, 8, 8, 8, 8, 8, 8, 8, 8, 8, 8, 8, 8, 8, 8, 8, 8, 8]	None	None
ISP_TNR_GHOST_ATTR_S.stAuto.PrvMotion0	[16, 16, 16, 16, 16, 16, 16, 16, 16, 16, 16, 16, 16, 16, 16, 16, 64, 64, 64, 64, 64, 64, 64, 64, 64, 64, 64, 64, 64, 64, 64, 64, 128, 128, 128, 128, 128, 128, 128, 128, 128, 128, 128, 128, 128, 128, 128, 128, 240, 240, 240, 240, 240, 240, 240, 240, 240, 240, 240, 240, 240, 240, 240, 240]	[16, 16, 16, 16, 16, 16, 16, 16, 16, 16, 16, 16, 16, 16, 16, 16, 64, 64, 64, 64, 64, 64, 64, 64, 58, 58, 58, 58, 58, 58, 58, 58, 128, 128, 128, 128, 128, 128, 128, 128, 120, 120, 120, 120, 120, 120, 120, 120, 240, 240, 240, 240, 240, 240, 240, 240, 240, 240, 240, 240, 240, 240, 240, 240]	None	None
ISP_TNR_LUMA_MOTION_ATTR_S.stAuto.L2mIn0	[0, 0, 0, 0, 0, 0, 0, 0, 0, 0, 0, 0, 0, 0, 0, 0, 450, 450, 450, 450, 450, 450, 450, 450, 450, 450, 450, 450, 450, 450, 450, 450, 700, 700, 700, 700, 700, 700, 700, 700, 700, 700, 700, 700, 700, 700, 700, 700, 1024, 1024, 1024, 1024, 1024, 1024, 1024, 1024, 1024, 1024, 1024, 1024, 1024, 1024, 1024, 1024]	[0, 0, 0, 0, 0, 0, 0, 0, 0, 0, 0, 0, 0, 0, 0, 0, 450, 450, 450, 450, 450, 450, 450, 320, 300, 240, 200, 200, 200, 200, 200, 200, 700, 700, 700, 700, 700, 700, 700, 700, 700, 700, 560, 560, 560, 560, 560, 560, 1024, 1024, 2048, 4095, 4095, 4095, 4095, 3000, 3000, 2400, 2400, 2400, 2400, 2400, 2400, 2400]	None	None
ISP_TNR_LUMA_MOTION_ATTR_S.stAuto.L2mOut0	[63, 63, 63, 63, 63, 63, 63, 63, 63, 63, 63, 63, 63, 63, 63, 63, 32, 32, 32, 32, 32, 32, 32, 32, 32, 32, 32, 32, 32, 32, 32, 32, 20, 20, 20, 20, 20, 20, 20, 20, 20, 20, 20, 20, 20, 20, 20, 20, 12, 12, 12, 12, 12, 12, 12, 12, 12, 12, 12, 12, 12, 12, 12, 12]	[63, 60, 56, 52, 45, 41, 36, 32, 30, 27, 24, 24, 24, 24, 24, 24, 32, 28, 24, 20, 16, 12, 11, 10, 8, 8, 6, 6, 6, 6, 6, 6, 20, 16, 12, 12, 10, 8, 7, 6, 5, 4, 4, 4, 4, 4, 4, 4, 12, 11, 11, 10, 9, 8, 6, 4, 4, 2, 2, 2, 2, 2, 2, 2]	None	None
ISP_TNR_MOTION_ADAPT_ATTR_S.stAuto.AdaptNrChromaStrIn	[0, 0, 0, 0, 0, 0, 0, 0, 0, 0, 0, 0, 0, 0, 0, 0, 4, 4, 4, 4, 4, 4, 4, 4, 4, 4, 4, 4, 4, 4, 4, 4, 8, 8, 8, 8, 8, 8, 8, 8, 8, 8, 8, 8, 8, 8, 8, 8, 12, 12, 12, 12, 12, 12, 12, 12, 12, 12, 12, 12, 12, 12, 12, 12]	[0, 0, 0, 0, 0, 0, 0, 0, 0, 0, 0, 0, 0, 0, 0, 0, 4, 8, 8, 12, 14, 16, 20, 22, 35, 44, 56, 56, 56, 56, 56, 56, 8, 16, 16, 18, 24, 34, 36, 48, 52, 62, 64, 64, 64, 64, 64, 64, 12, 22, 240, 240, 255, 255, 255, 255, 255, 255, 255, 255, 255, 255, 255, 255]	None	None
ISP_TNR_MOTION_ADAPT_ATTR_S.stAuto.AdaptNrChromaStrOut	[0, 0, 0, 0, 0, 0, 0, 0, 0, 0, 0, 0, 0, 0, 0, 0, 8, 8, 8, 8, 8, 8, 8, 8, 8, 8, 8, 8, 8, 8, 8, 8, 144, 144, 144, 144, 144, 144, 144, 144, 144, 144, 144, 144, 144, 144, 144, 144, 255, 255, 255, 255, 255, 255, 255, 255, 255, 255, 255, 255, 255, 255, 255, 255]	[0, 0, 0, 0, 0, 0, 0, 0, 0, 0, 0, 0, 0, 0, 0, 0, 8, 14, 14, 21, 14, 16, 16, 18, 28, 32, 46, 46, 46, 46, 46, 46, 144, 144, 128, 128, 146, 146, 146, 146, 146, 146, 146, 146, 146, 146, 146, 146, 255, 255, 255, 255, 255, 248, 240, 240, 240, 240, 240, 240, 240, 240, 240, 240]	None	None
ISP_TNR_MOTION_ADAPT_ATTR_S.stAuto.AdaptNrLumaStrIn	[0, 0, 0, 0, 0, 0, 0, 0, 0, 0, 0, 0, 0, 0, 0, 0, 4, 4, 4, 4, 4, 4, 4, 4, 4, 4, 4, 4, 4, 4, 4, 4, 8, 8, 8, 8, 8, 8, 8, 8, 8, 8, 8, 8, 8, 8, 8, 8, 12, 12, 12, 12, 12, 12, 12, 12, 12, 12, 12, 12, 12, 12, 12, 12]	[0, 0, 0, 0, 0, 0, 0, 0, 0, 0, 0, 0, 0, 0, 0, 0, 4, 8, 8, 12, 14, 16, 20, 22, 35, 44, 56, 56, 56, 56, 56, 56, 8, 16, 16, 18, 24, 34, 36, 48, 52, 62, 64, 64, 64, 64, 64, 64, 12, 240, 240, 240, 255, 255, 255, 255, 255, 255, 255, 255, 255, 255, 255, 255]	None	None
ISP_TNR_MOTION_ADAPT_ATTR_S.stAuto.AdaptNrLumaStrOut	[0, 0, 0, 0, 0, 0, 0, 0, 0, 0, 0, 0, 0, 0, 0, 0, 8, 8, 8, 8, 8, 8, 8, 8, 8, 8, 8, 8, 8, 8, 8, 8, 144, 144, 144, 144, 144, 144, 144, 144, 144, 144, 144, 144, 144, 144, 144, 144, 255, 255, 255, 255, 255, 255, 255, 255, 255, 255, 255, 255, 255, 255, 255, 255]	[0, 0, 0, 0, 0, 0, 0, 0, 0, 0, 0, 0, 0, 0, 0, 0, 8, 14, 14, 21, 14, 16, 16, 18, 28, 32, 46, 46, 46, 46, 46, 46, 144, 128, 128, 128, 146, 146, 146, 146, 146, 146, 146, 146, 146, 146, 146, 146, 255, 255, 255, 255, 255, 248, 240, 240, 240, 240, 240, 240, 240, 240, 240, 240]	None	None
ISP_TNR_MT_PRT_ATTR_S.stAuto.LowMtPrtInU	[0, 0, 0, 0, 0, 0, 0, 0, 0, 0, 0, 0, 0, 0, 0, 0, 4, 4, 4, 4, 4, 4, 4, 4, 4, 4, 4, 4, 4, 4, 4, 4, 14, 14, 14, 14, 14, 14, 14, 14, 14, 14, 14, 14, 14, 14, 14, 14, 28, 28, 28, 28, 28, 28, 28, 28, 28, 28, 28, 28, 28, 28, 28, 28]	[1, 1, 1, 1, 1, 1, 1, 1, 1, 1, 1, 1, 1, 1, 1, 1, 4, 4, 4, 4, 4, 4, 13, 14, 14, 16, 29, 29, 29, 29, 29, 29, 14, 24, 24, 24, 24, 24, 26, 28, 28, 32, 58, 58, 58, 58, 58, 58, 28, 44, 44, 44, 44, 52, 52, 56, 56, 64, 116, 116, 116, 116, 116, 116]	None	None
ISP_TNR_MT_PRT_ATTR_S.stAuto.LowMtPrtInV	[0, 0, 0, 0, 0, 0, 0, 0, 0, 0, 0, 0, 0, 0, 0, 0, 4, 4, 4, 4, 4, 4, 4, 4, 4, 4, 4, 4, 4, 4, 4, 4, 14, 14, 14, 14, 14, 14, 14, 14, 14, 14, 14, 14, 14, 14, 14, 14, 28, 28, 28, 28, 28, 28, 28, 28, 28, 28, 28, 28, 28, 28, 28, 28]	[1, 1, 1, 1, 1, 1, 1, 1, 1, 1, 1, 1, 1, 1, 1, 1, 4, 4, 4, 4, 4, 4, 13, 14, 14, 16, 29, 29, 29, 29, 29, 29, 14, 24, 24, 24, 24, 24, 26, 28, 28, 32, 58, 58, 58, 58, 58, 58, 28, 44, 44, 44, 44, 52, 52, 56, 56, 64, 116, 116, 116, 116, 116, 116]	None	None
ISP_TNR_MT_PRT_ATTR_S.stAuto.LowMtPrtInY	[0, 0, 0, 0, 0, 0, 0, 0, 0, 0, 0, 0, 0, 0, 0, 0, 4, 4, 4, 4, 4, 4, 4, 4, 4, 4, 4, 4, 4, 4, 4, 4, 14, 14, 14, 14, 14, 14, 14, 14, 14, 14, 14, 14, 14, 14, 14, 14, 28, 28, 28, 28, 28, 28, 28, 28, 28, 28, 28, 28, 28, 28, 28, 28]	[0, 0, 0, 0, 0, 0, 0, 0, 0, 0, 0, 0, 0, 0, 0, 0, 4, 4, 4, 4, 4, 4, 13, 14, 14, 16, 29, 29, 29, 29, 29, 29, 14, 24, 24, 24, 24, 24, 26, 28, 28, 32, 58, 58, 58, 58, 58, 58, 28, 44, 44, 44, 44, 52, 52, 56, 56, 64, 116, 116, 116, 116, 116, 116]	None	None
ISP_TNR_MT_PRT_ATTR_S.stAuto.LowMtPrtOutU	[128, 128, 128, 128, 128, 128, 128, 128, 128, 128, 128, 128, 128, 128, 128, 128, 0, 0, 0, 0, 0, 0, 0, 0, 0, 0, 0, 0, 0, 0, 0, 0, 20, 20, 20, 20, 20, 20, 20, 20, 20, 20, 20, 20, 20, 20, 20, 20, 128, 128, 128, 128, 128, 128, 128, 128, 128, 128, 128, 128, 128, 128, 128, 128]	[140, 140, 140, 140, 140, 140, 140, 140, 140, 140, 140, 140, 140, 140, 140, 140, 35, 35, 35, 35, 35, 35, 16, 14, 14, 16, 8, 8, 8, 8, 8, 8, 20, 24, 20, 10, 6, 6, 8, 16, 8, 16, 6, 6, 6, 6, 6, 6, 128, 44, 24, 20, 10, 6, 4, 4, 4, 4, 4, 4, 4, 4, 4, 4]	None	None
ISP_TNR_MT_PRT_ATTR_S.stAuto.LowMtPrtOutV	[128, 128, 128, 128, 128, 128, 128, 128, 128, 128, 128, 128, 128, 128, 128, 128, 0, 0, 0, 0, 0, 0, 0, 0, 0, 0, 0, 0, 0, 0, 0, 0, 20, 20, 20, 20, 20, 20, 20, 20, 20, 20, 20, 20, 20, 20, 20, 20, 128, 128, 128, 128, 128, 128, 128, 128, 128, 128, 128, 128, 128, 128, 128, 128]	[140, 140, 140, 140, 140, 140, 140, 140, 140, 140, 140, 140, 140, 140, 140, 140, 35, 35, 35, 35, 35, 35, 16, 14, 14, 16, 8, 8, 8, 8, 8, 8, 20, 24, 20, 10, 6, 6, 8, 16, 8, 16, 6, 6, 6, 6, 6, 6, 128, 44, 24, 20, 10, 6, 4, 4, 4, 4, 4, 4, 4, 4, 4, 4]	None	None
ISP_TNR_MT_PRT_ATTR_S.stAuto.LowMtPrtOutY	[128, 128, 128, 128, 128, 128, 128, 128, 128, 128, 128, 128, 128, 128, 128, 128, 0, 0, 0, 0, 0, 0, 0, 0, 0, 0, 0, 0, 0, 0, 0, 0, 20, 20, 20, 20, 20, 20, 20, 20, 20, 20, 20, 20, 20, 20, 20, 20, 128, 128, 128, 128, 128, 128, 128, 128, 128, 128, 128, 128, 128, 128, 128, 128]	[128, 128, 128, 128, 128, 64, 0, 0, 0, 0, 0, 0, 0, 0, 0, 0, 0, 0, 0, 0, 0, 0, 16, 14, 14, 16, 8, 8, 8, 8, 8, 8, 20, 24, 20, 10, 5, 4, 8, 16, 8, 16, 6, 6, 6, 6, 6, 6, 128, 44, 24, 20, 10, 6, 4, 4, 4, 4, 4, 4, 4, 4, 4, 4]	None	None
ISP_TNR_NOISE_MODEL_ATTR_S.stAuto.BNoiseHiLevel0	[0, 0, 0, 0, 0, 0, 0, 0, 0, 0, 0, 0, 0, 0, 0, 0]	[0, 15, 15, 15, 15, 15, 15, 15, 15, 15, 24, 24, 24, 24, 24, 24]	None	None
ISP_TNR_NOISE_MODEL_ATTR_S.stAuto.BNoiseLevel0	[0, 0, 0, 0, 0, 0, 0, 0, 0, 0, 0, 0, 0, 0, 0, 0]	[0, 15, 15, 15, 15, 15, 15, 15, 15, 15, 24, 24, 24, 24, 24, 24]	None	None
ISP_TNR_NOISE_MODEL_ATTR_S.stAuto.GNoiseHiLevel0	[0, 0, 0, 0, 0, 0, 0, 0, 0, 0, 0, 0, 0, 0, 0, 0]	[0, 11, 11, 11, 11, 11, 11, 11, 11, 11, 15, 15, 15, 15, 15, 15]	None	None
ISP_TNR_NOISE_MODEL_ATTR_S.stAuto.GNoiseLevel0	[0, 0, 0, 0, 0, 0, 0, 0, 0, 0, 0, 0, 0, 0, 0, 0]	[0, 11, 11, 11, 11, 11, 11, 11, 11, 11, 15, 15, 15, 15, 15, 15]	None	None
ISP_TNR_NOISE_MODEL_ATTR_S.stAuto.RNoiseHiLevel0	[0, 0, 0, 0, 0, 0, 0, 0, 0, 0, 0, 0, 0, 0, 0, 0]	[0, 15, 15, 15, 15, 15, 15, 15, 15, 15, 24, 24, 24, 24, 24, 24]	None	None
ISP_TNR_NOISE_MODEL_ATTR_S.stAuto.RNoiseLevel0	[0, 0, 0, 0, 0, 0, 0, 0, 0, 0, 0, 0, 0, 0, 0, 0]	[0, 15, 15, 15, 15, 15, 15, 15, 15, 15, 24, 24, 24, 24, 24, 24]	None	None
ISP_VC_ATTR_S.MotionThreshold	[64, 64, 64, 64, 64, 64, 64, 64, 64, 64, 64, 64, 64, 64, 64, 64]	[0, 0, 0, 0, 0, 0, 0, 0, 0, 0, 0, 0, 0, 0, 0, 0]	None	None
ISP_WB_INFO_S.au16CCM	[1333, 32914, 32931, 33089, 1548, 32971, 0, 33391, 1647]	[1482, 104, 33330, 33233, 1923, 33202, 32784, 33412, 1684]	None	None
ISP_YCONTRAST_ATTR_S.stAuto.CenterLuma	[28, 28, 28, 28, 28, 28, 28, 28, 28, 28, 28, 28, 28, 28, 28, 28, 28, 28, 28, 28, 28]	[28, 28, 28, 28, 28, 28, 28, 30, 32, 32, 32, 32, 32, 32, 32, 32, 32, 32, 32, 32, 32]	None	None
ISP_YCONTRAST_ATTR_S.stAuto.ContrastHigh	[54, 54, 54, 54, 54, 54, 54, 54, 54, 54, 54, 54, 54, 54, 54, 54, 54, 54, 54, 54, 54]	[54, 54, 54, 56, 56, 56, 58, 58, 58, 58, 58, 58, 58, 58, 58, 58, 58, 58, 58, 58, 58]	None	None
ISP_YCONTRAST_ATTR_S.stAuto.ContrastLow	[52, 54, 56, 56, 56, 56, 56, 56, 56, 56, 56, 56, 56, 56, 56, 56, 56, 56, 56, 56, 56]	[52, 54, 56, 56, 56, 56, 56, 56, 56, 56, 56, 56, 56, 58, 60, 60, 60, 60, 60, 60, 60]	None	None
ISP_YNR_ATTR_S.stAuto.FilterType	[0, 0, 0, 0, 0, 0, 0, 0, 0, 0, 0, 0, 0, 0, 0, 0]	[0, 0, 0, 0, 2, 3, 6, 8, 10, 12, 12, 12, 12, 12, 12, 12]	None	None
ISP_YNR_ATTR_S.stAuto.NoiseCoringAdv	[1, 1, 1, 1, 1, 1, 1, 1, 1, 1, 1, 1, 1, 1, 1, 1]	[1, 2, 2, 2, 4, 5, 8, 12, 12, 16, 16, 24, 32, 40, 48, 56]	None	None
ISP_YNR_ATTR_S.stAuto.NoiseCoringBase	[0, 0, 0, 0, 0, 0, 0, 0, 0, 0, 0, 0, 0, 0, 0, 0]	[0, 8, 9, 12, 16, 24, 28, 36, 44, 52, 60, 68, 68, 68, 68, 68]	None	None
ISP_YNR_FILTER_ATTR_S.stAuto.AaDirFiltStr	[0, 0, 0, 0, 0, 0, 0, 0, 0, 0, 0, 0, 0, 0, 0, 0]	[0, 0, 0, 0, 1, 1, 8, 16, 20, 28, 31, 31, 31, 31, 31, 31]	None	None
ISP_YNR_FILTER_ATTR_S.stAuto.CoringWgtMax	[0, 0, 0, 0, 0, 0, 0, 0, 0, 0, 0, 0, 0, 0, 0, 0]	[0, 0, 0, 0, 0, 0, 1, 1, 1, 1, 1, 1, 1, 1, 1, 1]	None	None
ISP_YNR_FILTER_ATTR_S.stAuto.VhDirFiltStr	[0, 0, 0, 0, 0, 0, 0, 0, 0, 0, 0, 0, 0, 0, 0, 0]	[0, 0, 0, 0, 1, 1, 8, 16, 20, 28, 31, 31, 31, 31, 31, 31]	None	None
ISP_YNR_MOTION_NR_ATTR_S.stAuto.MotionCoringWgtMax	[0, 0, 0, 0, 0, 0, 0, 0, 0, 0, 0, 0, 0, 0, 0, 0]	[0, 0, 0, 0, 0, 0, 0, 2, 2, 2, 2, 2, 2, 2, 2, 2]	None	None
ISP_YNR_MOTION_NR_ATTR_S.stAuto.MotionYnrLut	[0, 0, 0, 0, 0, 0, 0, 0, 0, 0, 0, 0, 0, 0, 0, 0, 1, 1, 1, 1, 1, 1, 1, 1, 1, 1, 1, 1, 1, 1, 1, 1, 2, 2, 2, 2, 2, 2, 2, 2, 2, 2, 2, 2, 2, 2, 2, 2, 3, 3, 3, 3, 3, 3, 3, 3, 3, 3, 3, 3, 3, 3, 3, 3, 4, 4, 4, 4, 4, 4, 4, 4, 4, 4, 4, 4, 4, 4, 4, 4, 5, 5, 5, 5, 5, 5, 5, 5, 5, 5, 5, 5, 5, 5, 5, 5, 6, 6, 6, 6, 6, 6, 6, 6, 6, 6, 6, 6, 6, 6, 6, 6, 7, 7, 7, 7, 7, 7, 7, 7, 7, 7, 7, 7, 7, 7, 7, 7, 8, 8, 8, 8, 8, 8, 8, 8, 8, 8, 8, 8, 8, 8, 8, 8, 9, 9, 9, 9, 9, 9, 9, 9, 9, 9, 9, 9, 9, 9, 9, 9, 10, 10, 10, 10, 10, 10, 10, 10, 10, 10, 10, 10, 10, 10, 10, 10, 9, 9, 9, 9, 9, 9, 9, 9, 9, 9, 9, 9, 9, 9, 9, 9, 8, 8, 8, 8, 8, 8, 8, 8, 8, 8, 8, 8, 8, 8, 8, 8, 7, 7, 7, 7, 7, 7, 7, 7, 7, 7, 7, 7, 7, 7, 7, 7, 6, 6, 6, 6, 6, 6, 6, 6, 6, 6, 6, 6, 6, 6, 6, 6, 5, 5, 5, 5, 5, 5, 5, 5, 5, 5, 5, 5, 5, 5, 5, 5]	[0, 1, 2, 2, 4, 4, 6, 7, 8, 9, 10, 12, 14, 16, 19, 19, 1, 2, 3, 3, 5, 5, 7, 8, 9, 10, 12, 14, 16, 19, 22, 22, 2, 3, 4, 4, 6, 6, 8, 9, 10, 12, 14, 16, 19, 22, 26, 26, 3, 4, 5, 5, 7, 7, 9, 10, 12, 14, 16, 19, 22, 26, 31, 31, 4, 5, 6, 6, 8, 8, 10, 12, 14, 16, 19, 22, 26, 31, 37, 37, 5, 6, 7, 7, 9, 9, 12, 14, 16, 19, 22, 26, 31, 37, 44, 44, 6, 7, 8, 8, 10, 10, 14, 16, 19, 22, 26, 31, 37, 44, 52, 52, 7, 8, 9, 9, 12, 12, 16, 19, 22, 26, 31, 37, 44, 52, 62, 62, 8, 9, 10, 10, 14, 14, 19, 22, 26, 31, 37, 44, 52, 62, 74, 74, 9, 10, 12, 12, 16, 16, 22, 26, 31, 37, 44, 52, 62, 74, 88, 88, 10, 12, 14, 14, 19, 19, 26, 31, 37, 44, 52, 62, 74, 88, 105, 105, 9, 10, 12, 12, 22, 22, 31, 37, 44, 52, 62, 74, 88, 105, 126, 126, 8, 9, 10, 10, 19, 19, 26, 31, 37, 44, 52, 62, 74, 88, 105, 105, 7, 8, 9, 9, 16, 16, 22, 26, 31, 37, 44, 52, 62, 74, 88, 88, 6, 7, 8, 8, 14, 14, 19, 22, 26, 31, 37, 44, 52, 62, 74, 74, 5, 6, 7, 7, 12, 12, 16, 19, 22, 26, 31, 37, 44, 52, 62, 62]	None	None
TEAISP_BNR_ATTR_S.stAuto.FilterMotionStr2D	[0, 0, 0, 0, 0, 55, 175, 215, 230, 245, 247, 255, 255, 230, 230, 230]	[0, 0, 0, 0, 0, 0, 0, 0, 0, 0, 0, 0, 0, 0, 0, 0]	None	None
TEAISP_BNR_ATTR_S.stAuto.FilterStaticStr2D	[0, 0, 0, 0, 0, 0, 55, 135, 165, 200, 215, 235, 255, 100, 100, 100]	[0, 0, 0, 0, 0, 0, 0, 0, 0, 0, 0, 0, 0, 0, 0, 0]	None	None
TEAISP_BNR_ATTR_S.stAuto.FilterStr3D	[255, 255, 255, 255, 255, 255, 255, 255, 255, 255, 255, 255, 255, 153, 153, 153]	[0, 0, 0, 0, 0, 0, 0, 0, 0, 0, 0, 0, 0, 0, 0, 0]	None	None
TEAISP_BNR_ATTR_S.stAuto.NoiseHiLevel	[1024, 1024, 1024, 1024, 1024, 1024, 1024, 1024, 1524, 1824, 2024, 2024, 2024, 1024, 1024, 1024]	[0, 0, 0, 0, 0, 0, 0, 0, 0, 0, 0, 0, 0, 0, 0, 0]	None	None
TEAISP_BNR_ATTR_S.stAuto.NoiseLevel	[1024, 1024, 1024, 1024, 1024, 1024, 1024, 1024, 1524, 1824, 2024, 2024, 2024, 1024, 1024, 1024]	[0, 0, 0, 0, 0, 0, 0, 0, 0, 0, 0, 0, 0, 0, 0, 0]	None	None
TEAISP_BNR_NP_S.CalibrationCoef	[0.0009614415466785431, 0.0009614415466785431, 0.0009614415466785431, 0.0009614415466785431, 0.0009614415466785431, 0.0009614415466785431, 0.0016557460185140371, 0.002795969834551215, 0.005105686839669943, 0.01025357749313116, 0.02464098110795021, 0.02464098110795021, 0.02464098110795021, 0.02464098110795021, 0.02464098110795021, 0.02464098110795021, 4.003804406238487e-06, 4.003804406238487e-06, 4.003804406238487e-06, 4.003804406238487e-06, 4.003804406238487e-06, 4.003804406238487e-06, 1.1687501682899892e-05, 2.0229808797012083e-05, 8.935471123550087e-05, 0.0003386354073882103, 0.0013171276077628136, 0.0013171276077628136, 0.0013171276077628136, 0.0013171276077628136, 0.0013171276077628136, 0.0013171276077628136]	[0, 0, 0, 0, 0, 0, 0, 0, 0, 0, 0, 0, 0, 0, 0, 0, 0, 0, 0, 0, 0, 0, 0, 0, 0, 0, 0, 0, 0, 0, 0, 0]	None	None